

2023年12月06日 19:22:28

2023年12月06日 19:22:29
FPGA:   指令监测   EB 90 04 55 00 00 00 00 00 00 00 00 00 00 00

2023年12月06日 19:22:30
FPGA:   指令监测   EB 90 04 55 00 00 00 00 00 00 00 00 00 00 00

2023年12月06日 19:22:31
FPGA:   指令监测   EB 90 04 55 00 00 00 00 00 00 00 00 00 00 00

2023年12月06日 19:22:32
FPGA:   指令监测   EB 90 04 55 00 00 00 00 00 00 00 00 00 00 00

2023年12月06日 19:22:33
FPGA:   指令监测   EB 90 04 55 00 00 00 00 00 00 00 00 00 00 00

2023年12月06日 19:22:34
FPGA:   指令监测   EB 90 04 55 00 00 00 00 00 00 00 00 00 00 00

2023年12月06日 19:22:35