

2023年12月14日 13:31:58

2023年12月14日 13:31:59
FPGA:   指令监测   EB 90 04 55 00 00 00 00 00 00 00 00 00 00 00

2023年12月14日 13:32:00
FPGA:   指令监测   EB 90 04 55 00 00 00 00 00 00 00 00 00 00 00

2023年12月14日 13:32:01
FPGA:   指令监测   EB 90 04 55 00 00 00 00 00 00 00 00 00 00 00

2023年12月14日 13:32:02
FPGA:   指令监测   EB 90 04 55 00 00 00 00 00 00 00 00 00 00 00

2023年12月14日 13:32:03 EB
FPGA:   指令监测   EB 90 04 55 00 00 00 01 00 00 00 00 00 00 00

2023年12月14日 13:32:04
FPGA:   指令监测   EB 90 04 55 00 00 00 01 00 00 00 00 00 00 00

2023年12月14日 13:32:05
FPGA:   指令监测   EB 90 04 55 00 00 00 01 00 00 00 00 00 00 00

2023年12月14日 13:32:06
FPGA:   指令监测   EB 90 04 55 00 00 00 01 00 00 00 00 00 00 00

2023年12月14日 13:32:07
FPGA:   指令监测   EB 90 04 55 00 00 00 01 00 00 00 00 00 00 00

2023年12月14日 13:32:08
FPGA:   指令监测   EB 90 04 55 00 00 00 01 00 00 00 00 00 00 00

2023年12月14日 13:32:09
FPGA:   指令监测   EB 90 04 55 00 00 00 01 00 00 00 00 00 00 00

2023年12月14日 13:32:10
FPGA:   指令监测   EB 90 04 55 00 00 00 01 00 00 00 00 00 00 00

2023年12月14日 13:32:11
FPGA:   指令监测   EB 90 04 55 00 00 00 01 00 00 00 00 00 00 00

2023年12月14日 13:32:12
FPGA:   指令监测   EB 90 04 55 00 00 00 01 00 00 00 00 00 00 00

2023年12月14日 13:32:13
FPGA:   指令监测   EB 90 04 55 00 00 00 01 00 00 00 00 00 00 00

2023年12月14日 13:32:14
FPGA:   指令监测   EB 90 04 55 00 00 00 01 00 00 00 00 00 00 00

2023年12月14日 13:32:15
FPGA:   指令监测   EB 90 04 55 00 00 00 01 00 00 00 00 00 00 00

2023年12月14日 13:32:16
FPGA:   指令监测   EB 90 04 55 00 00 00 01 00 00 00 00 00 00 00

2023年12月14日 13:32:17