

2023年12月09日 12:11:46

2023年12月09日 12:11:47
FPGA:   指令监测   EB 90 04 55 00 00 00 00 00 00 00 00 00 00 00

2023年12月09日 12:11:48
FPGA:   指令监测   EB 90 04 55 00 00 00 00 00 00 00 00 00 00 00

2023年12月09日 12:11:49
FPGA:   指令监测   EB 90 04 55 00 00 00 00 00 00 00 00 00 00 00

2023年12月09日 12:11:50
FPGA:   指令监测   EB 90 04 55 00 00 00 00 00 00 00 00 00 00 00

2023年12月09日 12:11:51
FPGA:   指令监测   EB 90 04 55 00 00 00 00 00 00 00 00 00 00 00

2023年12月09日 12:11:52
FPGA:   指令监测   EB 90 04 55 00 00 00 00 00 00 00 00 00 00 00

2023年12月09日 12:11:53
CMP:   状态轮询   EB 90 04 25 01 5A 5A 00 DE
CMP:   平台信息   EB 90 04 63 2D 00 00 00 00 00 00 00 00 00 00 00 00 00 00 00 00 00 00 00 00 00 00 00 00 00 00 00 00 00 00 00 00 00 00 00 00 00 00 00 00 00 00 00 00 00 00 00 94
FPGA:   指令监测   EB 90 04 55 00 00 00 00 00 00 00 00 00 00 00

2023年12月09日 12:11:54
CMP:   状态轮询   EB 90 04 25 01 5A 5A 00 DE
CMP:   平台信息   EB 90 04 63 2D 00 00 00 00 00 00 00 00 00 00 00 00 00 00 00 00 00 00 00 00 00 00 00 00 00 00 00 00 00 00 00 00 00 00 00 00 00 00 00 00 00 00 00 00 00 00 00 94
FPGA:   指令监测   EB 90 04 55 00 00 00 00 00 00 00 00 00 00 00

2023年12月09日 12:11:55
CMP:   状态轮询   EB 90 04 25 01 5A 5A 00 DE
CMP:   平台信息   EB 90 04 63 2D 00 00 00 00 00 00 00 00 00 00 00 00 00 00 00 00 00 00 00 00 00 00 00 00 00 00 00 00 00 00 00 00 00 00 00 00 00 00 00 00 00 00 00 00 00 00 00 94
FPGA:   指令监测   EB 90 04 55 00 00 00 00 00 00 00 00 00 00 00

2023年12月09日 12:11:56
CMP:   状态轮询   EB 90 04 25 01 5A 5A 00 DE
CMP:   平台信息   EB 90 04 63 2D 00 00 00 00 00 00 00 00 00 00 00 00 00 00 00 00 00 00 00 00 00 00 00 00 00 00 00 00 00 00 00 00 00 00 00 00 00 00 00 00 00 00 00 00 00 00 00 94
FPGA:   指令监测   EB 90 04 55 00 00 00 00 00 00 00 00 00 00 00

2023年12月09日 12:11:57
CMP:   状态轮询   EB 90 04 25 01 5A 5A 00 DE
CMP:   平台信息   EB 90 04 63 2D 00 00 00 00 00 00 00 00 00 00 00 00 00 00 00 00 00 00 00 00 00 00 00 00 00 00 00 00 00 00 00 00 00 00 00 00 00 00 00 00 00 00 00 00 00 00 00 94
FPGA:   指令监测   EB 90 04 55 00 00 00 00 00 00 00 00 00 00 00

2023年12月09日 12:11:58
CMP:   状态轮询   EB 90 04 25 01 5A 5A 00 DE
CMP:   平台信息   EB 90 04 63 2D 00 00 00 00 00 00 00 00 00 00 00 00 00 00 00 00 00 00 00 00 00 00 00 00 00 00 00 00 00 00 00 00 00 00 00 00 00 00 00 00 00 00 00 00 00 00 00 94
FPGA:   指令监测   EB 90 04 55 00 00 00 00 00 00 00 00 00 00 00

2023年12月09日 12:11:59
CMP:   状态轮询   EB 90 04 25 01 5A 5A 00 DE
CMP:   平台信息   EB 90 04 63 2D 00 00 00 00 00 00 00 00 00 00 00 00 00 00 00 00 00 00 00 00 00 00 00 00 00 00 00 00 00 00 00 00 00 00 00 00 00 00 00 00 00 00 00 00 00 00 00 94
FPGA:   指令监测   EB 90 04 55 00 00 00 00 00 00 00 00 00 00 00

2023年12月09日 12:12:00
CMP:   状态轮询   EB 90 04 25 01 5A 5A 00 DE
CMP:   平台信息   EB 90 04 63 2D 00 00 00 00 00 00 00 00 00 00 00 00 00 00 00 00 00 00 00 00 00 00 00 00 00 00 00 00 00 00 00 00 00 00 00 00 00 00 00 00 00 00 00 00 00 00 00 94
FPGA:   指令监测   EB 90 04 55 00 00 00 00 00 00 00 00 00 00 00

2023年12月09日 12:12:01
CMP:   状态轮询   EB 90 04 25 01 5A 5A 00 DE
CMP:   平台信息   EB 90 04 63 2D 00 00 00 00 00 00 00 00 00 00 00 00 00 00 00 00 00 00 00 00 00 00 00 00 00 00 00 00 00 00 00 00 00 00 00 00 00 00 00 00 00 00 00 00 00 00 00 94
FPGA:   指令监测   EB 90 04 55 00 00 00 00 00 00 00 00 00 00 00

2023年12月09日 12:12:02
CMP:   状态轮询   EB 90 04 25 01 5A 5A 00 DE
CMP:   平台信息   EB 90 04 63 2D 00 00 00 00 00 00 00 00 00 00 00 00 00 00 00 00 00 00 00 00 00 00 00 00 00 00 00 00 00 00 00 00 00 00 00 00 00 00 00 00 00 00 00 00 00 00 00 94
FPGA:   指令监测   EB 90 04 55 00 00 00 00 00 00 00 00 00 00 00

2023年12月09日 12:12:03
CMP:   状态轮询   EB 90 04 25 01 5A 5A 00 DE
CMP:   平台信息   EB 90 04 63 2D 00 00 00 00 00 00 00 00 00 00 00 00 00 00 00 00 00 00 00 00 00 00 00 00 00 00 00 00 00 00 00 00 00 00 00 00 00 00 00 00 00 00 00 00 00 00 00 94
FPGA:   指令监测   EB 90 04 55 00 00 00 00 00 00 00 00 00 00 00

2023年12月09日 12:12:04
CMP:   状态轮询   EB 90 04 25 01 5A 5A 00 DE
CMP:   平台信息   EB 90 04 63 2D 00 00 00 00 00 00 00 00 00 00 00 00 00 00 00 00 00 00 00 00 00 00 00 00 00 00 00 00 00 00 00 00 00 00 00 00 00 00 00 00 00 00 00 00 00 00 00 94
FPGA:   指令监测   EB 90 04 55 00 00 00 00 00 00 00 00 00 00 00

2023年12月09日 12:12:05
CMP:   状态轮询   EB 90 04 25 01 5A 5A 00 DE
CMP:   平台信息   EB 90 04 63 2D 00 00 00 00 00 00 00 00 00 00 00 00 00 00 00 00 00 00 00 00 00 00 00 00 00 00 00 00 00 00 00 00 00 00 00 00 00 00 00 00 00 00 00 00 00 00 00 94
FPGA:   指令监测   EB 90 04 55 00 00 00 00 00 00 00 00 00 00 00

2023年12月09日 12:12:06
CMP:   状态轮询   EB 90 04 25 01 5A 5A 00 DE
CMP:   平台信息   EB 90 04 63 2D 00 00 00 00 00 00 00 00 00 00 00 00 00 00 00 00 00 00 00 00 00 00 00 00 00 00 00 00 00 00 00 00 00 00 00 00 00 00 00 00 00 00 00 00 00 00 00 94
FPGA:   指令监测   EB 90 04 55 00 00 00 00 00 00 00 00 00 00 00

2023年12月09日 12:12:07
CMP:   状态轮询   EB 90 04 25 01 5A 5A 00 DE
CMP:   平台信息   EB 90 04 63 2D 00 00 00 00 00 00 00 00 00 00 00 00 00 00 00 00 00 00 00 00 00 00 00 00 00 00 00 00 00 00 00 00 00 00 00 00 00 00 00 00 00 00 00 00 00 00 00 94
FPGA:   指令监测   EB 90 04 55 00 00 00 00 00 00 00 00 00 00 00

2023年12月09日 12:12:08
CMP:   状态轮询   EB 90 04 25 01 5A 5A 00 DE
CMP:   平台信息   EB 90 04 63 2D 00 00 00 00 00 00 00 00 00 00 00 00 00 00 00 00 00 00 00 00 00 00 00 00 00 00 00 00 00 00 00 00 00 00 00 00 00 00 00 00 00 00 00 00 00 00 00 94
FPGA:   指令监测   EB 90 04 55 00 00 00 00 00 00 00 00 00 00 00

2023年12月09日 12:12:09
CMP:   状态轮询   EB 90 04 25 01 5A 5A 00 DE
CMP:   平台信息   EB 90 04 63 2D 00 00 00 00 00 00 00 00 00 00 00 00 00 00 00 00 00 00 00 00 00 00 00 00 00 00 00 00 00 00 00 00 00 00 00 00 00 00 00 00 00 00 00 00 00 00 00 94
FPGA:   指令监测   EB 90 04 55 00 00 00 00 00 00 00 00 00 00 00

2023年12月09日 12:12:10
CMP:   状态轮询   EB 90 04 25 01 5A 5A 00 DE
CMP:   平台信息   EB 90 04 63 2D 00 00 00 00 00 00 00 00 00 00 00 00 00 00 00 00 00 00 00 00 00 00 00 00 00 00 00 00 00 00 00 00 00 00 00 00 00 00 00 00 00 00 00 00 00 00 00 94
FPGA:   指令监测   EB 90 04 55 00 00 00 00 00 00 00 00 00 00 00

2023年12月09日 12:12:11
CMP:   状态轮询   EB 90 04 25 01 5A 5A 00 DE
CMP:   平台信息   EB 90 04 63 2D 00 00 00 00 00 00 00 00 00 00 00 00 00 00 00 00 00 00 00 00 00 00 00 00 00 00 00 00 00 00 00 00 00 00 00 00 00 00 00 00 00 00 00 00 00 00 00 94
FPGA:   指令监测   EB 90 04 55 00 00 00 00 00 00 00 00 00 00 00

2023年12月09日 12:12:12
CMP:   状态轮询   EB 90 04 25 01 5A 5A 00 DE
CMP:   平台信息   EB 90 04 63 2D 00 00 00 00 00 00 00 00 00 00 00 00 00 00 00 00 00 00 00 00 00 00 00 00 00 00 00 00 00 00 00 00 00 00 00 00 00 00 00 00 00 00 00 00 00 00 00 94
FPGA:   指令监测   EB 90 04 55 00 00 00 00 00 00 00 00 00 00 00

2023年12月09日 12:12:13
CMP:   状态轮询   EB 90 04 25 01 5A 5A 00 DE
CMP:   平台信息   EB 90 04 63 2D 00 00 00 00 00 00 00 00 00 00 00 00 00 00 00 00 00 00 00 00 00 00 00 00 00 00 00 00 00 00 00 00 00 00 00 00 00 00 00 00 00 00 00 00 00 00 00 94
FPGA:   指令监测   EB 90 04 55 00 00 00 00 00 00 00 00 00 00 00

2023年12月09日 12:12:14
CMP:   状态轮询   EB 90 04 25 01 5A 5A 00 DE
CMP:   平台信息   EB 90 04 63 2D 00 00 00 00 00 00 00 00 00 00 00 00 00 00 00 00 00 00 00 00 00 00 00 00 00 00 00 00 00 00 00 00 00 00 00 00 00 00 00 00 00 00 00 00 00 00 00 94
FPGA:   指令监测   EB 90 04 55 00 00 00 00 00 00 00 00 00 00 00

2023年12月09日 12:12:15
CMP:   状态轮询   EB 90 04 25 01 5A 5A 00 DE
CMP:   平台信息   EB 90 04 63 2D 00 00 00 00 00 00 00 00 00 00 00 00 00 00 00 00 00 00 00 00 00 00 00 00 00 00 00 00 00 00 00 00 00 00 00 00 00 00 00 00 00 00 00 00 00 00 00 94
FPGA:   指令监测   EB 90 04 55 00 00 00 00 00 00 00 00 00 00 00

2023年12月09日 12:12:16
CMP:   状态轮询   EB 90 04 25 01 5A 5A 00 DE
CMP:   平台信息   EB 90 04 63 2D 00 00 00 00 00 00 00 00 00 00 00 00 00 00 00 00 00 00 00 00 00 00 00 00 00 00 00 00 00 00 00 00 00 00 00 00 00 00 00 00 00 00 00 00 00 00 00 94
FPGA:   指令监测   EB 90 04 55 00 00 00 00 00 00 00 00 00 00 00

2023年12月09日 12:12:17
CMP:   状态轮询   EB 90 04 25 01 5A 5A 00 DE
CMP:   平台信息   EB 90 04 63 2D 00 00 00 00 00 00 00 00 00 00 00 00 00 00 00 00 00 00 00 00 00 00 00 00 00 00 00 00 00 00 00 00 00 00 00 00 00 00 00 00 00 00 00 00 00 00 00 94
FPGA:   指令监测   EB 90 04 55 00 00 00 00 00 00 00 00 00 00 00

2023年12月09日 12:12:18
FPGA:   指令监测   EB 90 04 55 00 00 00 00 00 00 00 00 00 00 00