

2024年09月10日 11:27:14

2024年09月10日 11:27:15
FPGA:   指令监测   EB 90 04 55 00 01 00 01 00 00 00 00 00 00 00

2024年09月10日 11:27:16 55 00 01 00 01 00 00 00 00 00 00 00
FPGA:   指令监测   EB 90 04 55 00 01 00 01 00 00 00 00 00 00 00
FPGA:   指令监测   EB 90 04 55 00 01 00 01 00 00 00 00 00 00 00
FPGA:   指令监测   EB 90 04 55 00 01 00 01 00 00 00 00 00 00 00

2024年09月10日 11:27:17
FPGA:   指令监测   EB 90 04 55 00 01 00 01 00 00 00 00 00 00 00

2024年09月10日 11:27:18
FPGA:   指令监测   EB 90 04 55 00 01 00 01 00 00 00 00 00 00 00

2024年09月10日 11:27:19
FPGA:   指令监测   EB 90 04 55 00 01 00 01 00 00 00 00 00 00 00

2024年09月10日 11:27:20
FPGA:   指令监测   EB 90 04 55 00 01 00 01 00 00 00 00 00 00 00

2024年09月10日 11:27:21
FPGA:   指令监测   EB 90 04 55 00 01 00 01 00 00 00 00 00 00 00

2024年09月10日 11:27:22
FPGA:   指令监测   EB 90 04 55 00 01 00 01 00 00 00 00 00 00 00

2024年09月10日 11:27:23
FPGA:   指令监测   EB 90 04 55 00 01 00 01 00 00 00 00 00 00 00

2024年09月10日 11:27:24
FPGA:   指令监测   EB 90 04 55 00 01 00 01 00 00 00 00 00 00 00

2024年09月10日 11:27:25
FPGA:   指令监测   EB 90 04 55 00 01 00 01 00 00 00 00 00 00 00

2024年09月10日 11:27:26
FPGA:   指令监测   EB 90 04 55 00 01 00 01 00 00 00 00 00 00 00

2024年09月10日 11:27:27
FPGA:   指令监测   EB 90 04 55 00 01 00 01 00 00 00 00 00 00 00

2024年09月10日 11:27:28
FPGA:   指令监测   EB 90 04 55 00 01 00 01 00 00 00 00 00 00 00

2024年09月10日 11:27:29
FPGA:   指令监测   EB 90 04 55 00 01 00 01 00 00 00 00 00 00 00

2024年09月10日 11:27:30
FPGA:   指令监测   EB 90 04 55 00 01 00 01 00 00 00 00 00 00 00

2024年09月10日 11:27:31
FPGA:   指令监测   EB 90 04 55 00 01 00 01 00 00 00 00 00 00 00

2024年09月10日 11:27:32
FPGA:   指令监测   EB 90 04 55 00 01 00 01 00 00 00 00 00 00 00

2024年09月10日 11:27:33
FPGA:   指令监测   EB 90 04 55 00 01 00 01 00 00 00 00 00 00 00

2024年09月10日 11:27:34
FPGA:   指令监测   EB 90 04 55 00 01 00 01 00 00 00 00 00 00 00

2024年09月10日 11:27:35
FPGA:   指令监测   EB 90 04 55 00 01 00 01 00 00 00 00 00 00 00

2024年09月10日 11:27:36
FPGA:   指令监测   EB 90 04 55 00 01 00 01 00 00 00 00 00 00 00

2024年09月10日 11:27:37
FPGA:   指令监测   EB 90 04 55 00 01 00 01 00 00 00 00 00 00 00

2024年09月10日 11:27:38
FPGA:   指令监测   EB 90 04 55 00 01 00 01 00 00 00 00 00 00 00