

2023年12月06日 19:24:32

2023年12月06日 19:24:33
FPGA:   指令监测   EB 90 04 55 00 00 00 00 00 00 00 00 00 00 00

2023年12月06日 19:24:34
FPGA:   指令监测   EB 90 04 55 00 00 00 00 00 00 00 00 00 00 00

2023年12月06日 19:24:35
FPGA:   指令监测   EB 90 04 55 00 00 00 00 00 00 00 00 00 00 00

2023年12月06日 19:24:36
FPGA:   指令监测   EB 90 04 55 00 00 00 00 00 00 00 00 00 00 00

2023年12月06日 19:24:37
FPGA:   指令监测   EB 90 04 55 00 00 00 00 00 00 00 00 00 00 00

2023年12月06日 19:24:38
FPGA:   指令监测   EB 90 04 55 00 00 00 00 00 00 00 00 00 00 00

2023年12月06日 19:24:39
CMP:   状态轮询   EB 90 04 25 01 5A 5A 00 DE
CMP:   平台信息   EB 90 04 63 2D 00 00 00 00 00 00 00 00 00 00 00 00 00 00 00 00 00 00 00 00 00 00 00 00 00 00 00 00 00 00 00 00 00 00 00 00 00 00 00 00 00 00 00 00 00 00 00 94
FPGA:   指令监测   EB 90 04 55 00 00 00 00 00 00 00 00 00 00 00

2023年12月06日 19:24:40
CMP:   状态轮询   EB 90 04 25 01 5A 5A 00 DE
CMP:   平台信息   EB 90 04 63 2D 00 00 00 00 00 00 00 00 00 00 00 00 00 00 00 00 00 00 00 00 00 00 00 00 00 00 00 00 00 00 00 00 00 00 00 00 00 00 00 00 00 00 00 00 00 00 00 94
FPGA:   指令监测   EB 90 04 55 00 00 00 00 00 00 00 00 00 00 00

2023年12月06日 19:24:41
CMP:   状态轮询   EB 90 04 25 01 5A 5A 00 DE
CMP:   平台信息   EB 90 04 63 2D 00 00 00 00 00 00 00 00 00 00 00 00 00 00 00 00 00 00 00 00 00 00 00 00 00 00 00 00 00 00 00 00 00 00 00 00 00 00 00 00 00 00 00 00 00 00 00 94
FPGA:   指令监测   EB 90 04 55 00 00 00 00 00 00 00 00 00 00 00

2023年12月06日 19:24:42
CMP:   状态轮询   EB 90 04 25 01 5A 5A 00 DE
CMP:   平台信息   EB 90 04 63 2D 00 00 00 00 00 00 00 00 00 00 00 00 00 00 00 00 00 00 00 00 00 00 00 00 00 00 00 00 00 00 00 00 00 00 00 00 00 00 00 00 00 00 00 00 00 00 00 94
FPGA:   指令监测   EB 90 04 55 00 00 00 00 00 00 00 00 00 00 00

2023年12月06日 19:24:43
CMP:   状态轮询   EB 90 04 25 01 5A 5A 00 DE
CMP:   平台信息   EB 90 04 63 2D 00 00 00 00 00 00 00 00 00 00 00 00 00 00 00 00 00 00 00 00 00 00 00 00 00 00 00 00 00 00 00 00 00 00 00 00 00 00 00 00 00 00 00 00 00 00 00 94
FPGA:   指令监测   EB 90 04 55 00 00 00 00 00 00 00 00 00 00 00

2023年12月06日 19:24:44
CMP:   状态轮询   EB 90 04 25 01 5A 5A 00 DE
CMP:   平台信息   EB 90 04 63 2D 00 00 00 00 00 00 00 00 00 00 00 00 00 00 00 00 00 00 00 00 00 00 00 00 00 00 00 00 00 00 00 00 00 00 00 00 00 00 00 00 00 00 00 00 00 00 00 94
FPGA:   指令监测   EB 90 04 55 00 00 00 00 00 00 00 00 00 00 00

2023年12月06日 19:24:45
CMP:   状态轮询   EB 90 04 25 01 5A 5A 00 DE
CMP:   平台信息   EB 90 04 63 2D 00 00 00 00 00 00 00 00 00 00 00 00 00 00 00 00 00 00 00 00 00 00 00 00 00 00 00 00 00 00 00 00 00 00 00 00 00 00 00 00 00 00 00 00 00 00 00 94
FPGA:   指令监测   EB 90 04 55 00 00 00 00 00 00 00 00 00 00 00

2023年12月06日 19:24:46
CMP:   状态轮询   EB 90 04 25 01 5A 5A 00 DE
CMP:   平台信息   EB 90 04 63 2D 00 00 00 00 00 00 00 00 00 00 00 00 00 00 00 00 00 00 00 00 00 00 00 00 00 00 00 00 00 00 00 00 00 00 00 00 00 00 00 00 00 00 00 00 00 00 00 94
FPGA:   指令监测   EB 90 04 55 00 00 00 00 00 00 00 00 00 00 00

2023年12月06日 19:24:47
CMP:   状态轮询   EB 90 04 25 01 5A 5A 00 DE
CMP:   平台信息   EB 90 04 63 2D 00 00 00 00 00 00 00 00 00 00 00 00 00 00 00 00 00 00 00 00 00 00 00 00 00 00 00 00 00 00 00 00 00 00 00 00 00 00 00 00 00 00 00 00 00 00 00 94
FPGA:   指令监测   EB 90 04 55 00 00 00 00 00 00 00 00 00 00 00

2023年12月06日 19:24:48
CMP:   状态轮询   EB 90 04 25 01 5A 5A 00 DE
CMP:   平台信息   EB 90 04 63 2D 00 00 00 00 00 00 00 00 00 00 00 00 00 00 00 00 00 00 00 00 00 00 00 00 00 00 00 00 00 00 00 00 00 00 00 00 00 00 00 00 00 00 00 00 00 00 00 94
FPGA:   指令监测   EB 90 04 55 00 00 00 00 00 00 00 00 00 00 00

2023年12月06日 19:24:49
CMP:   状态轮询   EB 90 04 25 01 5A 5A 00 DE
CMP:   平台信息   EB 90 04 63 2D 00 00 00 00 00 00 00 00 00 00 00 00 00 00 00 00 00 00 00 00 00 00 00 00 00 00 00 00 00 00 00 00 00 00 00 00 00 00 00 00 00 00 00 00 00 00 00 94
FPGA:   指令监测   EB 90 04 55 00 00 00 00 00 00 00 00 00 00 00

2023年12月06日 19:24:50
CMP:   状态轮询   EB 90 04 25 01 5A 5A 00 DE
CMP:   平台信息   EB 90 04 63 2D 00 00 00 00 00 00 00 00 00 00 00 00 00 00 00 00 00 00 00 00 00 00 00 00 00 00 00 00 00 00 00 00 00 00 00 00 00 00 00 00 00 00 00 00 00 00 00 94
FPGA:   指令监测   EB 90 04 55 00 00 00 00 00 00 00 00 00 00 00

2023年12月06日 19:24:51
CMP:   状态轮询   EB 90 04 25 01 5A 5A 00 DE
CMP:   平台信息   EB 90 04 63 2D 00 00 00 00 00 00 00 00 00 00 00 00 00 00 00 00 00 00 00 00 00 00 00 00 00 00 00 00 00 00 00 00 00 00 00 00 00 00 00 00 00 00 00 00 00 00 00 94
FPGA:   指令监测   EB 90 04 55 00 00 00 00 00 00 00 00 00 00 00

2023年12月06日 19:24:52
CMP:   状态轮询   EB 90 04 25 01 5A 5A 00 DE
CMP:   平台信息   EB 90 04 63 2D 00 00 00 00 00 00 00 00 00 00 00 00 00 00 00 00 00 00 00 00 00 00 00 00 00 00 00 00 00 00 00 00 00 00 00 00 00 00 00 00 00 00 00 00 00 00 00 94
FPGA:   指令监测   EB 90 04 55 00 00 00 00 00 00 00 00 00 00 00

2023年12月06日 19:24:53
CMP:   状态轮询   EB 90 04 25 01 5A 5A 00 DE
CMP:   平台信息   EB 90 04 63 2D 00 00 00 00 00 00 00 00 00 00 00 00 00 00 00 00 00 00 00 00 00 00 00 00 00 00 00 00 00 00 00 00 00 00 00 00 00 00 00 00 00 00 00 00 00 00 00 94
FPGA:   指令监测   EB 90 04 55 00 00 00 00 00 00 00 00 00 00 00

2023年12月06日 19:24:54
CMP:   状态轮询   EB 90 04 25 01 5A 5A 00 DE
CMP:   平台信息   EB 90 04 63 2D 00 00 00 00 00 00 00 00 00 00 00 00 00 00 00 00 00 00 00 00 00 00 00 00 00 00 00 00 00 00 00 00 00 00 00 00 00 00 00 00 00 00 00 00 00 00 00 94
FPGA:   指令监测   EB 90 04 55 00 00 00 00 00 00 00 00 00 00 00

2023年12月06日 19:24:55
CMP:   状态轮询   EB 90 04 25 01 5A 5A 00 DE
CMP:   平台信息   EB 90 04 63 2D 00 00 00 00 00 00 00 00 00 00 00 00 00 00 00 00 00 00 00 00 00 00 00 00 00 00 00 00 00 00 00 00 00 00 00 00 00 00 00 00 00 00 00 00 00 00 00 94
FPGA:   指令监测   EB 90 04 55 00 00 00 00 00 00 00 00 00 00 00

2023年12月06日 19:24:56
CMP:   状态轮询   EB 90 04 25 01 5A 5A 00 DE
CMP:   平台信息   EB 90 04 63 2D 00 00 00 00 00 00 00 00 00 00 00 00 00 00 00 00 00 00 00 00 00 00 00 00 00 00 00 00 00 00 00 00 00 00 00 00 00 00 00 00 00 00 00 00 00 00 00 94
FPGA:   指令监测   EB 90 04 55 00 00 00 00 00 00 00 00 00 00 00

2023年12月06日 19:24:57
CMP:   状态轮询   EB 90 04 25 01 5A 5A 00 DE
CMP:   平台信息   EB 90 04 63 2D 00 00 00 00 00 00 00 00 00 00 00 00 00 00 00 00 00 00 00 00 00 00 00 00 00 00 00 00 00 00 00 00 00 00 00 00 00 00 00 00 00 00 00 00 00 00 00 94
FPGA:   指令监测   EB 90 04 55 00 00 00 00 00 00 00 00 00 00 00

2023年12月06日 19:24:58
CMP:   状态轮询   EB 90 04 25 01 5A 5A 00 DE
CMP:   平台信息   EB 90 04 63 2D 00 00 00 00 00 00 00 00 00 00 00 00 00 00 00 00 00 00 00 00 00 00 00 00 00 00 00 00 00 00 00 00 00 00 00 00 00 00 00 00 00 00 00 00 00 00 00 94
FPGA:   指令监测   EB 90 04 55 00 00 00 00 00 00 00 00 00 00 00

2023年12月06日 19:24:59
CMP:   状态轮询   EB 90 04 25 01 5A 5A 00 DE
CMP:   平台信息   EB 90 04 63 2D 00 00 00 00 00 00 00 00 00 00 00 00 00 00 00 00 00 00 00 00 00 00 00 00 00 00 00 00 00 00 00 00 00 00 00 00 00 00 00 00 00 00 00 00 00 00 00 94
FPGA:   指令监测   EB 90 04 55 00 00 00 00 00 00 00 00 00 00 00

2023年12月06日 19:25:00
CMP:   状态轮询   EB 90 04 25 01 5A 5A 00 DE
CMP:   平台信息   EB 90 04 63 2D 00 00 00 00 00 00 00 00 00 00 00 00 00 00 00 00 00 00 00 00 00 00 00 00 00 00 00 00 00 00 00 00 00 00 00 00 00 00 00 00 00 00 00 00 00 00 00 94
FPGA:   指令监测   EB 90 04 55 00 00 00 00 00 00 00 00 00 00 00

2023年12月06日 19:25:01
CMP:   状态轮询   EB 90 04 25 01 5A 5A 00 DE
CMP:   平台信息   EB 90 04 63 2D 00 00 00 00 00 00 00 00 00 00 00 00 00 00 00 00 00 00 00 00 00 00 00 00 00 00 00 00 00 00 00 00 00 00 00 00 00 00 00 00 00 00 00 00 00 00 00 94
FPGA:   指令监测   EB 90 04 55 00 00 00 00 00 00 00 00 00 00 00

2023年12月06日 19:25:02
CMP:   状态轮询   EB 90 04 25 01 5A 5A 00 DE
CMP:   平台信息   EB 90 04 63 2D 00 00 00 00 00 00 00 00 00 00 00 00 00 00 00 00 00 00 00 00 00 00 00 00 00 00 00 00 00 00 00 00 00 00 00 00 00 00 00 00 00 00 00 00 00 00 00 94
FPGA:   指令监测   EB 90 04 55 00 00 00 00 00 00 00 00 00 00 00

2023年12月06日 19:25:03
CMP:   状态轮询   EB 90 04 25 01 5A 5A 00 DE
CMP:   平台信息   EB 90 04 63 2D 00 00 00 00 00 00 00 00 00 00 00 00 00 00 00 00 00 00 00 00 00 00 00 00 00 00 00 00 00 00 00 00 00 00 00 00 00 00 00 00 00 00 00 00 00 00 00 94
FPGA:   指令监测   EB 90 04 55 00 00 00 00 00 00 00 00 00 00 00

2023年12月06日 19:25:04
CMP:   状态轮询   EB 90 04 25 01 5A 5A 00 DE
CMP:   平台信息   EB 90 04 63 2D 00 00 00 00 00 00 00 00 00 00 00 00 00 00 00 00 00 00 00 00 00 00 00 00 00 00 00 00 00 00 00 00 00 00 00 00 00 00 00 00 00 00 00 00 00 00 00 94
FPGA:   指令监测   EB 90 04 55 00 00 00 00 00 00 00 00 00 00 00

2023年12月06日 19:25:05
CMP:   状态轮询   EB 90 04 25 01 5A 5A 00 DE
CMP:   平台信息   EB 90 04 63 2D 00 00 00 00 00 00 00 00 00 00 00 00 00 00 00 00 00 00 00 00 00 00 00 00 00 00 00 00 00 00 00 00 00 00 00 00 00 00 00 00 00 00 00 00 00 00 00 94
FPGA:   指令监测   EB 90 04 55 00 00 00 00 00 00 00 00 00 00 00

2023年12月06日 19:25:06
CMP:   状态轮询   EB 90 04 25 01 5A 5A 00 DE
CMP:   平台信息   EB 90 04 63 2D 00 00 00 00 00 00 00 00 00 00 00 00 00 00 00 00 00 00 00 00 00 00 00 00 00 00 00 00 00 00 00 00 00 00 00 00 00 00 00 00 00 00 00 00 00 00 00 94
FPGA:   指令监测   EB 90 04 55 00 00 00 00 00 00 00 00 00 00 00

2023年12月06日 19:25:07
CMP:   状态轮询   EB 90 04 25 01 5A 5A 00 DE
CMP:   平台信息   EB 90 04 63 2D 00 00 00 00 00 00 00 00 00 00 00 00 00 00 00 00 00 00 00 00 00 00 00 00 00 00 00 00 00 00 00 00 00 00 00 00 00 00 00 00 00 00 00 00 00 00 00 94
FPGA:   指令监测   EB 90 04 55 00 00 00 00 00 00 00 00 00 00 00

2023年12月06日 19:25:08
CMP:   状态轮询   EB 90 04 25 01 5A 5A 00 DE
CMP:   平台信息   EB 90 04 63 2D 00 00 00 00 00 00 00 00 00 00 00 00 00 00 00 00 00 00 00 00 00 00 00 00 00 00 00 00 00 00 00 00 00 00 00 00 00 00 00 00 00 00 00 00 00 00 00 94
FPGA:   指令监测   EB 90 04 55 00 00 00 00 00 00 00 00 00 00 00

2023年12月06日 19:25:09
CMP:   状态轮询   EB 90 04 25 01 5A 5A 00 DE
CMP:   平台信息   EB 90 04 63 2D 00 00 00 00 00 00 00 00 00 00 00 00 00 00 00 00 00 00 00 00 00 00 00 00 00 00 00 00 00 00 00 00 00 00 00 00 00 00 00 00 00 00 00 00 00 00 00 94
FPGA:   指令监测   EB 90 04 55 00 00 00 00 00 00 00 00 00 00 00

2023年12月06日 19:25:10
CMP:   状态轮询   EB 90 04 25 01 5A 5A 00 DE
CMP:   平台信息   EB 90 04 63 2D 00 00 00 00 00 00 00 00 00 00 00 00 00 00 00 00 00 00 00 00 00 00 00 00 00 00 00 00 00 00 00 00 00 00 00 00 00 00 00 00 00 00 00 00 00 00 00 94
FPGA:   指令监测   EB 90 04 55 00 00 00 00 00 00 00 00 00 00 00

2023年12月06日 19:25:11
CMP:   状态轮询   EB 90 04 25 01 5A 5A 00 DE
CMP:   平台信息   EB 90 04 63 2D 00 00 00 00 00 00 00 00 00 00 00 00 00 00 00 00 00 00 00 00 00 00 00 00 00 00 00 00 00 00 00 00 00 00 00 00 00 00 00 00 00 00 00 00 00 00 00 94
FPGA:   指令监测   EB 90 04 55 00 00 00 00 00 00 00 00 00 00 00

2023年12月06日 19:25:12
CMP:   状态轮询   EB 90 04 25 01 5A 5A 00 DE
CMP:   平台信息   EB 90 04 63 2D 00 00 00 00 00 00 00 00 00 00 00 00 00 00 00 00 00 00 00 00 00 00 00 00 00 00 00 00 00 00 00 00 00 00 00 00 00 00 00 00 00 00 00 00 00 00 00 94
FPGA:   指令监测   EB 90 04 55 00 00 00 00 00 00 00 00 00 00 00

2023年12月06日 19:25:13
CMP:   状态轮询   EB 90 04 25 01 5A 5A 00 DE
CMP:   平台信息   EB 90 04 63 2D 00 00 00 00 00 00 00 00 00 00 00 00 00 00 00 00 00 00 00 00 00 00 00 00 00 00 00 00 00 00 00 00 00 00 00 00 00 00 00 00 00 00 00 00 00 00 00 94
FPGA:   指令监测   EB 90 04 55 00 00 00 00 00 00 00 00 00 00 00

2023年12月06日 19:25:14
CMP:   状态轮询   EB 90 04 25 01 5A 5A 00 DE
CMP:   平台信息   EB 90 04 63 2D 00 00 00 00 00 00 00 00 00 00 00 00 00 00 00 00 00 00 00 00 00 00 00 00 00 00 00 00 00 00 00 00 00 00 00 00 00 00 00 00 00 00 00 00 00 00 00 94
FPGA:   指令监测   EB 90 04 55 00 00 00 00 00 00 00 00 00 00 00

2023年12月06日 19:25:15
CMP:   状态轮询   EB 90 04 25 01 5A 5A 00 DE
CMP:   平台信息   EB 90 04 63 2D 00 00 00 00 00 00 00 00 00 00 00 00 00 00 00 00 00 00 00 00 00 00 00 00 00 00 00 00 00 00 00 00 00 00 00 00 00 00 00 00 00 00 00 00 00 00 00 94
FPGA:   指令监测   EB 90 04 55 00 00 00 00 00 00 00 00 00 00 00

2023年12月06日 19:25:16
CMP:   状态轮询   EB 90 04 25 01 5A 5A 00 DE
CMP:   平台信息   EB 90 04 63 2D 00 00 00 00 00 00 00 00 00 00 00 00 00 00 00 00 00 00 00 00 00 00 00 00 00 00 00 00 00 00 00 00 00 00 00 00 00 00 00 00 00 00 00 00 00 00 00 94
FPGA:   指令监测   EB 90 04 55 00 00 00 00 00 00 00 00 00 00 00

2023年12月06日 19:25:17
CMP:   状态轮询   EB 90 04 25 01 5A 5A 00 DE
CMP:   平台信息   EB 90 04 63 2D 00 00 00 00 00 00 00 00 00 00 00 00 00 00 00 00 00 00 00 00 00 00 00 00 00 00 00 00 00 00 00 00 00 00 00 00 00 00 00 00 00 00 00 00 00 00 00 94
FPGA:   指令监测   EB 90 04 55 00 00 00 00 00 00 00 00 00 00 00

2023年12月06日 19:25:18
CMP:   状态轮询   EB 90 04 25 01 5A 5A 00 DE
CMP:   平台信息   EB 90 04 63 2D 00 00 00 00 00 00 00 00 00 00 00 00 00 00 00 00 00 00 00 00 00 00 00 00 00 00 00 00 00 00 00 00 00 00 00 00 00 00 00 00 00 00 00 00 00 00 00 94
FPGA:   指令监测   EB 90 04 55 00 00 00 00 00 00 00 00 00 00 00

2023年12月06日 19:25:19
CMP:   状态轮询   EB 90 04 25 01 5A 5A 00 DE
CMP:   平台信息   EB 90 04 63 2D 00 00 00 00 00 00 00 00 00 00 00 00 00 00 00 00 00 00 00 00 00 00 00 00 00 00 00 00 00 00 00 00 00 00 00 00 00 00 00 00 00 00 00 00 00 00 00 94
FPGA:   指令监测   EB 90 04 55 00 00 00 00 00 00 00 00 00 00 00

2023年12月06日 19:25:20
CMP:   状态轮询   EB 90 04 25 01 5A 5A 00 DE
CMP:   平台信息   EB 90 04 63 2D 00 00 00 00 00 00 00 00 00 00 00 00 00 00 00 00 00 00 00 00 00 00 00 00 00 00 00 00 00 00 00 00 00 00 00 00 00 00 00 00 00 00 00 00 00 00 00 94
FPGA:   指令监测   EB 90 04 55 00 00 00 00 00 00 00 00 00 00 00

2023年12月06日 19:25:21
CMP:   状态轮询   EB 90 04 25 01 5A 5A 00 DE
CMP:   平台信息   EB 90 04 63 2D 00 00 00 00 00 00 00 00 00 00 00 00 00 00 00 00 00 00 00 00 00 00 00 00 00 00 00 00 00 00 00 00 00 00 00 00 00 00 00 00 00 00 00 00 00 00 00 94
FPGA:   指令监测   EB 90 04 55 00 00 00 00 00 00 00 00 00 00 00

2023年12月06日 19:25:22
CMP:   状态轮询   EB 90 04 25 01 5A 5A 00 DE
CMP:   平台信息   EB 90 04 63 2D 00 00 00 00 00 00 00 00 00 00 00 00 00 00 00 00 00 00 00 00 00 00 00 00 00 00 00 00 00 00 00 00 00 00 00 00 00 00 00 00 00 00 00 00 00 00 00 94
FPGA:   指令监测   EB 90 04 55 00 00 00 00 00 00 00 00 00 00 00

2023年12月06日 19:25:23
CMP:   状态轮询   EB 90 04 25 01 5A 5A 00 DE
CMP:   平台信息   EB 90 04 63 2D 00 00 00 00 00 00 00 00 00 00 00 00 00 00 00 00 00 00 00 00 00 00 00 00 00 00 00 00 00 00 00 00 00 00 00 00 00 00 00 00 00 00 00 00 00 00 00 94
FPGA:   指令监测   EB 90 04 55 00 00 00 00 00 00 00 00 00 00 00

2023年12月06日 19:25:24
CMP:   状态轮询   EB 90 04 25 01 5A 5A 00 DE
CMP:   平台信息   EB 90 04 63 2D 00 00 00 00 00 00 00 00 00 00 00 00 00 00 00 00 00 00 00 00 00 00 00 00 00 00 00 00 00 00 00 00 00 00 00 00 00 00 00 00 00 00 00 00 00 00 00 94
FPGA:   指令监测   EB 90 04 55 00 00 00 00 00 00 00 00 00 00 00

2023年12月06日 19:25:25
CMP:   状态轮询   EB 90 04 25 01 5A 5A 00 DE
CMP:   平台信息   EB 90 04 63 2D 00 00 00 00 00 00 00 00 00 00 00 00 00 00 00 00 00 00 00 00 00 00 00 00 00 00 00 00 00 00 00 00 00 00 00 00 00 00 00 00 00 00 00 00 00 00 00 94
FPGA:   指令监测   EB 90 04 55 00 00 00 00 00 00 00 00 00 00 00

2023年12月06日 19:25:26
CMP:   状态轮询   EB 90 04 25 01 5A 5A 00 DE
CMP:   平台信息   EB 90 04 63 2D 00 00 00 00 00 00 00 00 00 00 00 00 00 00 00 00 00 00 00 00 00 00 00 00 00 00 00 00 00 00 00 00 00 00 00 00 00 00 00 00 00 00 00 00 00 00 00 94
FPGA:   指令监测   EB 90 04 55 00 00 00 00 00 00 00 00 00 00 00

2023年12月06日 19:25:27
CMP:   状态轮询   EB 90 04 25 01 5A 5A 00 DE
CMP:   平台信息   EB 90 04 63 2D 00 00 00 00 00 00 00 00 00 00 00 00 00 00 00 00 00 00 00 00 00 00 00 00 00 00 00 00 00 00 00 00 00 00 00 00 00 00 00 00 00 00 00 00 00 00 00 94
FPGA:   指令监测   EB 90 04 55 00 00 00 00 00 00 00 00 00 00 00

2023年12月06日 19:25:28
CMP:   状态轮询   EB 90 04 25 01 5A 5A 00 DE
CMP:   平台信息   EB 90 04 63 2D 00 00 00 00 00 00 00 00 00 00 00 00 00 00 00 00 00 00 00 00 00 00 00 00 00 00 00 00 00 00 00 00 00 00 00 00 00 00 00 00 00 00 00 00 00 00 00 94
FPGA:   指令监测   EB 90 04 55 00 00 00 00 00 00 00 00 00 00 00

2023年12月06日 19:25:29
CMP:   状态轮询   EB 90 04 25 01 5A 5A 00 DE
CMP:   平台信息   EB 90 04 63 2D 00 00 00 00 00 00 00 00 00 00 00 00 00 00 00 00 00 00 00 00 00 00 00 00 00 00 00 00 00 00 00 00 00 00 00 00 00 00 00 00 00 00 00 00 00 00 00 94
FPGA:   指令监测   EB 90 04 55 00 00 00 00 00 00 00 00 00 00 00

2023年12月06日 19:25:30
CMP:   状态轮询   EB 90 04 25 01 5A 5A 00 DE
CMP:   平台信息   EB 90 04 63 2D 00 00 00 00 00 00 00 00 00 00 00 00 00 00 00 00 00 00 00 00 00 00 00 00 00 00 00 00 00 00 00 00 00 00 00 00 00 00 00 00 00 00 00 00 00 00 00 94
FPGA:   指令监测   EB 90 04 55 00 00 00 00 00 00 00 00 00 00 00

2023年12月06日 19:25:31
CMP:   状态轮询   EB 90 04 25 01 5A 5A 00 DE
CMP:   平台信息   EB 90 04 63 2D 00 00 00 00 00 00 00 00 00 00 00 00 00 00 00 00 00 00 00 00 00 00 00 00 00 00 00 00 00 00 00 00 00 00 00 00 00 00 00 00 00 00 00 00 00 00 00 94
FPGA:   指令监测   EB 90 04 55 00 00 00 00 00 00 00 00 00 00 00

2023年12月06日 19:25:32
CMP:   状态轮询   EB 90 04 25 01 5A 5A 00 DE
CMP:   平台信息   EB 90 04 63 2D 00 00 00 00 00 00 00 00 00 00 00 00 00 00 00 00 00 00 00 00 00 00 00 00 00 00 00 00 00 00 00 00 00 00 00 00 00 00 00 00 00 00 00 00 00 00 00 94
FPGA:   指令监测   EB 90 04 55 00 00 00 00 00 00 00 00 00 00 00

2023年12月06日 19:25:33
CMP:   状态轮询   EB 90 04 25 01 5A 5A 00 DE
CMP:   平台信息   EB 90 04 63 2D 00 00 00 00 00 00 00 00 00 00 00 00 00 00 00 00 00 00 00 00 00 00 00 00 00 00 00 00 00 00 00 00 00 00 00 00 00 00 00 00 00 00 00 00 00 00 00 94
FPGA:   指令监测   EB 90 04 55 00 00 00 00 00 00 00 00 00 00 00

2023年12月06日 19:25:34
CMP:   状态轮询   EB 90 04 25 01 5A 5A 00 DE
CMP:   平台信息   EB 90 04 63 2D 00 00 00 00 00 00 00 00 00 00 00 00 00 00 00 00 00 00 00 00 00 00 00 00 00 00 00 00 00 00 00 00 00 00 00 00 00 00 00 00 00 00 00 00 00 00 00 94
FPGA:   指令监测   EB 90 04 55 00 00 00 00 00 00 00 00 00 00 00

2023年12月06日 19:25:35
CMP:   状态轮询   EB 90 04 25 01 5A 5A 00 DE
CMP:   平台信息   EB 90 04 63 2D 00 00 00 00 00 00 00 00 00 00 00 00 00 00 00 00 00 00 00 00 00 00 00 00 00 00 00 00 00 00 00 00 00 00 00 00 00 00 00 00 00 00 00 00 00 00 00 94
FPGA:   指令监测   EB 90 04 55 00 00 00 00 00 00 00 00 00 00 00

2023年12月06日 19:25:36
CMP:   状态轮询   EB 90 04 25 01 5A 5A 00 DE
CMP:   平台信息   EB 90 04 63 2D 00 00 00 00 00 00 00 00 00 00 00 00 00 00 00 00 00 00 00 00 00 00 00 00 00 00 00 00 00 00 00 00 00 00 00 00 00 00 00 00 00 00 00 00 00 00 00 94
FPGA:   指令监测   EB 90 04 55 00 00 00 00 00 00 00 00 00 00 00

2023年12月06日 19:25:37
CMP:   状态轮询   EB 90 04 25 01 5A 5A 00 DE
CMP:   平台信息   EB 90 04 63 2D 00 00 00 00 00 00 00 00 00 00 00 00 00 00 00 00 00 00 00 00 00 00 00 00 00 00 00 00 00 00 00 00 00 00 00 00 00 00 00 00 00 00 00 00 00 00 00 94
FPGA:   指令监测   EB 90 04 55 00 00 00 00 00 00 00 00 00 00 00

2023年12月06日 19:25:38
CMP:   状态轮询   EB 90 04 25 01 5A 5A 00 DE
CMP:   平台信息   EB 90 04 63 2D 00 00 00 00 00 00 00 00 00 00 00 00 00 00 00 00 00 00 00 00 00 00 00 00 00 00 00 00 00 00 00 00 00 00 00 00 00 00 00 00 00 00 00 00 00 00 00 94
FPGA:   指令监测   EB 90 04 55 00 00 00 00 00 00 00 00 00 00 00

2023年12月06日 19:25:39
CMP:   状态轮询   EB 90 04 25 01 5A 5A 00 DE
CMP:   平台信息   EB 90 04 63 2D 00 00 00 00 00 00 00 00 00 00 00 00 00 00 00 00 00 00 00 00 00 00 00 00 00 00 00 00 00 00 00 00 00 00 00 00 00 00 00 00 00 00 00 00 00 00 00 94
FPGA:   指令监测   EB 90 04 55 00 00 00 00 00 00 00 00 00 00 00

2023年12月06日 19:25:40
CMP:   状态轮询   EB 90 04 25 01 5A 5A 00 DE
CMP:   平台信息   EB 90 04 63 2D 00 00 00 00 00 00 00 00 00 00 00 00 00 00 00 00 00 00 00 00 00 00 00 00 00 00 00 00 00 00 00 00 00 00 00 00 00 00 00 00 00 00 00 00 00 00 00 94
FPGA:   指令监测   EB 90 04 55 00 00 00 00 00 00 00 00 00 00 00

2023年12月06日 19:25:41
CMP:   状态轮询   EB 90 04 25 01 5A 5A 00 DE
CMP:   平台信息   EB 90 04 63 2D 00 00 00 00 00 00 00 00 00 00 00 00 00 00 00 00 00 00 00 00 00 00 00 00 00 00 00 00 00 00 00 00 00 00 00 00 00 00 00 00 00 00 00 00 00 00 00 94
FPGA:   指令监测   EB 90 04 55 00 00 00 00 00 00 00 00 00 00 00

2023年12月06日 19:25:42
CMP:   状态轮询   EB 90 04 25 01 5A 5A 00 DE
CMP:   平台信息   EB 90 04 63 2D 00 00 00 00 00 00 00 00 00 00 00 00 00 00 00 00 00 00 00 00 00 00 00 00 00 00 00 00 00 00 00 00 00 00 00 00 00 00 00 00 00 00 00 00 00 00 00 94
FPGA:   指令监测   EB 90 04 55 00 00 00 00 00 00 00 00 00 00 00

2023年12月06日 19:25:43
CMP:   状态轮询   EB 90 04 25 01 5A 5A 00 DE
CMP:   平台信息   EB 90 04 63 2D 00 00 00 00 00 00 00 00 00 00 00 00 00 00 00 00 00 00 00 00 00 00 00 00 00 00 00 00 00 00 00 00 00 00 00 00 00 00 00 00 00 00 00 00 00 00 00 94
FPGA:   指令监测   EB 90 04 55 00 00 00 00 00 00 00 00 00 00 00

2023年12月06日 19:25:44
CMP:   状态轮询   EB 90 04 25 01 5A 5A 00 DE
CMP:   平台信息   EB 90 04 63 2D 00 00 00 00 00 00 00 00 00 00 00 00 00 00 00 00 00 00 00 00 00 00 00 00 00 00 00 00 00 00 00 00 00 00 00 00 00 00 00 00 00 00 00 00 00 00 00 94
FPGA:   指令监测   EB 90 04 55 00 00 00 00 00 00 00 00 00 00 00

2023年12月06日 19:25:45
CMP:   状态轮询   EB 90 04 25 01 5A 5A 00 DE
CMP:   平台信息   EB 90 04 63 2D 00 00 00 00 00 00 00 00 00 00 00 00 00 00 00 00 00 00 00 00 00 00 00 00 00 00 00 00 00 00 00 00 00 00 00 00 00 00 00 00 00 00 00 00 00 00 00 94
FPGA:   指令监测   EB 90 04 55 00 00 00 00 00 00 00 00 00 00 00

2023年12月06日 19:25:46
CMP:   状态轮询   EB 90 04 25 01 5A 5A 00 DE
CMP:   平台信息   EB 90 04 63 2D 00 00 00 00 00 00 00 00 00 00 00 00 00 00 00 00 00 00 00 00 00 00 00 00 00 00 00 00 00 00 00 00 00 00 00 00 00 00 00 00 00 00 00 00 00 00 00 94
FPGA:   指令监测   EB 90 04 55 00 00 00 00 00 00 00 00 00 00 00

2023年12月06日 19:25:47
CMP:   状态轮询   EB 90 04 25 01 5A 5A 00 DE
CMP:   平台信息   EB 90 04 63 2D 00 00 00 00 00 00 00 00 00 00 00 00 00 00 00 00 00 00 00 00 00 00 00 00 00 00 00 00 00 00 00 00 00 00 00 00 00 00 00 00 00 00 00 00 00 00 00 94
FPGA:   指令监测   EB 90 04 55 00 00 00 00 00 00 00 00 00 00 00

2023年12月06日 19:25:48
CMP:   状态轮询   EB 90 04 25 01 5A 5A 00 DE
CMP:   平台信息   EB 90 04 63 2D 00 00 00 00 00 00 00 00 00 00 00 00 00 00 00 00 00 00 00 00 00 00 00 00 00 00 00 00 00 00 00 00 00 00 00 00 00 00 00 00 00 00 00 00 00 00 00 94
FPGA:   指令监测   EB 90 04 55 00 00 00 00 00 00 00 00 00 00 00

2023年12月06日 19:25:49
CMP:   状态轮询   EB 90 04 25 01 5A 5A 00 DE
CMP:   平台信息   EB 90 04 63 2D 00 00 00 00 00 00 00 00 00 00 00 00 00 00 00 00 00 00 00 00 00 00 00 00 00 00 00 00 00 00 00 00 00 00 00 00 00 00 00 00 00 00 00 00 00 00 00 94
FPGA:   指令监测   EB 90 04 55 00 00 00 00 00 00 00 00 00 00 00

2023年12月06日 19:25:50
CMP:   状态轮询   EB 90 04 25 01 5A 5A 00 DE
CMP:   平台信息   EB 90 04 63 2D 00 00 00 00 00 00 00 00 00 00 00 00 00 00 00 00 00 00 00 00 00 00 00 00 00 00 00 00 00 00 00 00 00 00 00 00 00 00 00 00 00 00 00 00 00 00 00 94
FPGA:   指令监测   EB 90 04 55 00 00 00 00 00 00 00 00 00 00 00

2023年12月06日 19:25:51
CMP:   状态轮询   EB 90 04 25 01 5A 5A 00 DE
CMP:   平台信息   EB 90 04 63 2D 00 00 00 00 00 00 00 00 00 00 00 00 00 00 00 00 00 00 00 00 00 00 00 00 00 00 00 00 00 00 00 00 00 00 00 00 00 00 00 00 00 00 00 00 00 00 00 94
FPGA:   指令监测   EB 90 04 55 00 00 00 00 00 00 00 00 00 00 00

2023年12月06日 19:25:52
CMP:   状态轮询   EB 90 04 25 01 5A 5A 00 DE
CMP:   平台信息   EB 90 04 63 2D 00 00 00 00 00 00 00 00 00 00 00 00 00 00 00 00 00 00 00 00 00 00 00 00 00 00 00 00 00 00 00 00 00 00 00 00 00 00 00 00 00 00 00 00 00 00 00 94
FPGA:   指令监测   EB 90 04 55 00 00 00 00 00 00 00 00 00 00 00

2023年12月06日 19:25:53
CMP:   状态轮询   EB 90 04 25 01 5A 5A 00 DE
CMP:   平台信息   EB 90 04 63 2D 00 00 00 00 00 00 00 00 00 00 00 00 00 00 00 00 00 00 00 00 00 00 00 00 00 00 00 00 00 00 00 00 00 00 00 00 00 00 00 00 00 00 00 00 00 00 00 94
FPGA:   指令监测   EB 90 04 55 00 00 00 00 00 00 00 00 00 00 00

2023年12月06日 19:25:54
CMP:   状态轮询   EB 90 04 25 01 5A 5A 00 DE
CMP:   平台信息   EB 90 04 63 2D 00 00 00 00 00 00 00 00 00 00 00 00 00 00 00 00 00 00 00 00 00 00 00 00 00 00 00 00 00 00 00 00 00 00 00 00 00 00 00 00 00 00 00 00 00 00 00 94
FPGA:   指令监测   EB 90 04 55 00 00 00 00 00 00 00 00 00 00 00

2023年12月06日 19:25:55
CMP:   状态轮询   EB 90 04 25 01 5A 5A 00 DE
CMP:   平台信息   EB 90 04 63 2D 00 00 00 00 00 00 00 00 00 00 00 00 00 00 00 00 00 00 00 00 00 00 00 00 00 00 00 00 00 00 00 00 00 00 00 00 00 00 00 00 00 00 00 00 00 00 00 94
FPGA:   指令监测   EB 90 04 55 00 00 00 00 00 00 00 00 00 00 00

2023年12月06日 19:25:56
CMP:   状态轮询   EB 90 04 25 01 5A 5A 00 DE
CMP:   平台信息   EB 90 04 63 2D 00 00 00 00 00 00 00 00 00 00 00 00 00 00 00 00 00 00 00 00 00 00 00 00 00 00 00 00 00 00 00 00 00 00 00 00 00 00 00 00 00 00 00 00 00 00 00 94
FPGA:   指令监测   EB 90 04 55 00 00 00 00 00 00 00 00 00 00 00

2023年12月06日 19:25:57
CMP:   状态轮询   EB 90 04 25 01 5A 5A 00 DE
CMP:   平台信息   EB 90 04 63 2D 00 00 00 00 00 00 00 00 00 00 00 00 00 00 00 00 00 00 00 00 00 00 00 00 00 00 00 00 00 00 00 00 00 00 00 00 00 00 00 00 00 00 00 00 00 00 00 94
FPGA:   指令监测   EB 90 04 55 00 00 00 00 00 00 00 00 00 00 00

2023年12月06日 19:25:58
CMP:   状态轮询   EB 90 04 25 01 5A 5A 00 DE
CMP:   平台信息   EB 90 04 63 2D 00 00 00 00 00 00 00 00 00 00 00 00 00 00 00 00 00 00 00 00 00 00 00 00 00 00 00 00 00 00 00 00 00 00 00 00 00 00 00 00 00 00 00 00 00 00 00 94
FPGA:   指令监测   EB 90 04 55 00 00 00 00 00 00 00 00 00 00 00

2023年12月06日 19:25:59
CMP:   状态轮询   EB 90 04 25 01 5A 5A 00 DE
CMP:   平台信息   EB 90 04 63 2D 00 00 00 00 00 00 00 00 00 00 00 00 00 00 00 00 00 00 00 00 00 00 00 00 00 00 00 00 00 00 00 00 00 00 00 00 00 00 00 00 00 00 00 00 00 00 00 94
FPGA:   指令监测   EB 90 04 55 00 00 00 00 00 00 00 00 00 00 00

2023年12月06日 19:26:00
CMP:   状态轮询   EB 90 04 25 01 5A 5A 00 DE
CMP:   平台信息   EB 90 04 63 2D 00 00 00 00 00 00 00 00 00 00 00 00 00 00 00 00 00 00 00 00 00 00 00 00 00 00 00 00 00 00 00 00 00 00 00 00 00 00 00 00 00 00 00 00 00 00 00 94
FPGA:   指令监测   EB 90 04 55 00 00 00 00 00 00 00 00 00 00 00

2023年12月06日 19:26:01
CMP:   状态轮询   EB 90 04 25 01 5A 5A 00 DE
CMP:   平台信息   EB 90 04 63 2D 00 00 00 00 00 00 00 00 00 00 00 00 00 00 00 00 00 00 00 00 00 00 00 00 00 00 00 00 00 00 00 00 00 00 00 00 00 00 00 00 00 00 00 00 00 00 00 94
FPGA:   指令监测   EB 90 04 55 00 00 00 00 00 00 00 00 00 00 00

2023年12月06日 19:26:02
CMP:   状态轮询   EB 90 04 25 01 5A 5A 00 DE
CMP:   平台信息   EB 90 04 63 2D 00 00 00 00 00 00 00 00 00 00 00 00 00 00 00 00 00 00 00 00 00 00 00 00 00 00 00 00 00 00 00 00 00 00 00 00 00 00 00 00 00 00 00 00 00 00 00 94
FPGA:   指令监测   EB 90 04 55 00 00 00 00 00 00 00 00 00 00 00

2023年12月06日 19:26:03
CMP:   状态轮询   EB 90 04 25 01 5A 5A 00 DE
CMP:   平台信息   EB 90 04 63 2D 00 00 00 00 00 00 00 00 00 00 00 00 00 00 00 00 00 00 00 00 00 00 00 00 00 00 00 00 00 00 00 00 00 00 00 00 00 00 00 00 00 00 00 00 00 00 00 94
FPGA:   指令监测   EB 90 04 55 00 00 00 00 00 00 00 00 00 00 00

2023年12月06日 19:26:04
CMP:   状态轮询   EB 90 04 25 01 5A 5A 00 DE
CMP:   平台信息   EB 90 04 63 2D 00 00 00 00 00 00 00 00 00 00 00 00 00 00 00 00 00 00 00 00 00 00 00 00 00 00 00 00 00 00 00 00 00 00 00 00 00 00 00 00 00 00 00 00 00 00 00 94
FPGA:   指令监测   EB 90 04 55 00 00 00 00 00 00 00 00 00 00 00

2023年12月06日 19:26:05
CMP:   状态轮询   EB 90 04 25 01 5A 5A 00 DE
CMP:   平台信息   EB 90 04 63 2D 00 00 00 00 00 00 00 00 00 00 00 00 00 00 00 00 00 00 00 00 00 00 00 00 00 00 00 00 00 00 00 00 00 00 00 00 00 00 00 00 00 00 00 00 00 00 00 94
FPGA:   指令监测   EB 90 04 55 00 00 00 00 00 00 00 00 00 00 00

2023年12月06日 19:26:06
CMP:   状态轮询   EB 90 04 25 01 5A 5A 00 DE
CMP:   平台信息   EB 90 04 63 2D 00 00 00 00 00 00 00 00 00 00 00 00 00 00 00 00 00 00 00 00 00 00 00 00 00 00 00 00 00 00 00 00 00 00 00 00 00 00 00 00 00 00 00 00 00 00 00 94
FPGA:   指令监测   EB 90 04 55 00 00 00 00 00 00 00 00 00 00 00

2023年12月06日 19:26:07
CMP:   状态轮询   EB 90 04 25 01 5A 5A 00 DE
CMP:   平台信息   EB 90 04 63 2D 00 00 00 00 00 00 00 00 00 00 00 00 00 00 00 00 00 00 00 00 00 00 00 00 00 00 00 00 00 00 00 00 00 00 00 00 00 00 00 00 00 00 00 00 00 00 00 94
FPGA:   指令监测   EB 90 04 55 00 00 00 00 00 00 00 00 00 00 00

2023年12月06日 19:26:08
CMP:   状态轮询   EB 90 04 25 01 5A 5A 00 DE
CMP:   平台信息   EB 90 04 63 2D 00 00 00 00 00 00 00 00 00 00 00 00 00 00 00 00 00 00 00 00 00 00 00 00 00 00 00 00 00 00 00 00 00 00 00 00 00 00 00 00 00 00 00 00 00 00 00 94
FPGA:   指令监测   EB 90 04 55 00 00 00 00 00 00 00 00 00 00 00

2023年12月06日 19:26:09
CMP:   状态轮询   EB 90 04 25 01 5A 5A 00 DE
CMP:   平台信息   EB 90 04 63 2D 00 00 00 00 00 00 00 00 00 00 00 00 00 00 00 00 00 00 00 00 00 00 00 00 00 00 00 00 00 00 00 00 00 00 00 00 00 00 00 00 00 00 00 00 00 00 00 94
FPGA:   指令监测   EB 90 04 55 00 00 00 00 00 00 00 00 00 00 00

2023年12月06日 19:26:10
CMP:   状态轮询   EB 90 04 25 01 5A 5A 00 DE
CMP:   平台信息   EB 90 04 63 2D 00 00 00 00 00 00 00 00 00 00 00 00 00 00 00 00 00 00 00 00 00 00 00 00 00 00 00 00 00 00 00 00 00 00 00 00 00 00 00 00 00 00 00 00 00 00 00 94
FPGA:   指令监测   EB 90 04 55 00 00 00 00 00 00 00 00 00 00 00

2023年12月06日 19:26:11
CMP:   状态轮询   EB 90 04 25 01 5A 5A 00 DE
CMP:   平台信息   EB 90 04 63 2D 00 00 00 00 00 00 00 00 00 00 00 00 00 00 00 00 00 00 00 00 00 00 00 00 00 00 00 00 00 00 00 00 00 00 00 00 00 00 00 00 00 00 00 00 00 00 00 94
FPGA:   指令监测   EB 90 04 55 00 00 00 00 00 00 00 00 00 00 00

2023年12月06日 19:26:12
CMP:   状态轮询   EB 90 04 25 01 5A 5A 00 DE
CMP:   平台信息   EB 90 04 63 2D 00 00 00 00 00 00 00 00 00 00 00 00 00 00 00 00 00 00 00 00 00 00 00 00 00 00 00 00 00 00 00 00 00 00 00 00 00 00 00 00 00 00 00 00 00 00 00 94
FPGA:   指令监测   EB 90 04 55 00 00 00 00 00 00 00 00 00 00 00

2023年12月06日 19:26:13
CMP:   状态轮询   EB 90 04 25 01 5A 5A 00 DE
CMP:   平台信息   EB 90 04 63 2D 00 00 00 00 00 00 00 00 00 00 00 00 00 00 00 00 00 00 00 00 00 00 00 00 00 00 00 00 00 00 00 00 00 00 00 00 00 00 00 00 00 00 00 00 00 00 00 94
FPGA:   指令监测   EB 90 04 55 00 00 00 00 00 00 00 00 00 00 00

2023年12月06日 19:26:14
CMP:   状态轮询   EB 90 04 25 01 5A 5A 00 DE
CMP:   平台信息   EB 90 04 63 2D 00 00 00 00 00 00 00 00 00 00 00 00 00 00 00 00 00 00 00 00 00 00 00 00 00 00 00 00 00 00 00 00 00 00 00 00 00 00 00 00 00 00 00 00 00 00 00 94
FPGA:   指令监测   EB 90 04 55 00 00 00 00 00 00 00 00 00 00 00

2023年12月06日 19:26:15
CMP:   状态轮询   EB 90 04 25 01 5A 5A 00 DE
CMP:   平台信息   EB 90 04 63 2D 00 00 00 00 00 00 00 00 00 00 00 00 00 00 00 00 00 00 00 00 00 00 00 00 00 00 00 00 00 00 00 00 00 00 00 00 00 00 00 00 00 00 00 00 00 00 00 94
FPGA:   指令监测   EB 90 04 55 00 00 00 00 00 00 00 00 00 00 00

2023年12月06日 19:26:16
CMP:   状态轮询   EB 90 04 25 01 5A 5A 00 DE
CMP:   平台信息   EB 90 04 63 2D 00 00 00 00 00 00 00 00 00 00 00 00 00 00 00 00 00 00 00 00 00 00 00 00 00 00 00 00 00 00 00 00 00 00 00 00 00 00 00 00 00 00 00 00 00 00 00 94
FPGA:   指令监测   EB 90 04 55 00 00 00 00 00 00 00 00 00 00 00

2023年12月06日 19:26:17
CMP:   状态轮询   EB 90 04 25 01 5A 5A 00 DE
CMP:   平台信息   EB 90 04 63 2D 00 00 00 00 00 00 00 00 00 00 00 00 00 00 00 00 00 00 00 00 00 00 00 00 00 00 00 00 00 00 00 00 00 00 00 00 00 00 00 00 00 00 00 00 00 00 00 94
FPGA:   指令监测   EB 90 04 55 00 00 00 00 00 00 00 00 00 00 00

2023年12月06日 19:26:18
CMP:   状态轮询   EB 90 04 25 01 5A 5A 00 DE
CMP:   平台信息   EB 90 04 63 2D 00 00 00 00 00 00 00 00 00 00 00 00 00 00 00 00 00 00 00 00 00 00 00 00 00 00 00 00 00 00 00 00 00 00 00 00 00 00 00 00 00 00 00 00 00 00 00 94
FPGA:   指令监测   EB 90 04 55 00 00 00 00 00 00 00 00 00 00 00

2023年12月06日 19:26:19
CMP:   状态轮询   EB 90 04 25 01 5A 5A 00 DE
CMP:   平台信息   EB 90 04 63 2D 00 00 00 00 00 00 00 00 00 00 00 00 00 00 00 00 00 00 00 00 00 00 00 00 00 00 00 00 00 00 00 00 00 00 00 00 00 00 00 00 00 00 00 00 00 00 00 94
FPGA:   指令监测   EB 90 04 55 00 00 00 00 00 00 00 00 00 00 00

2023年12月06日 19:26:20
CMP:   状态轮询   EB 90 04 25 01 5A 5A 00 DE
CMP:   平台信息   EB 90 04 63 2D 00 00 00 00 00 00 00 00 00 00 00 00 00 00 00 00 00 00 00 00 00 00 00 00 00 00 00 00 00 00 00 00 00 00 00 00 00 00 00 00 00 00 00 00 00 00 00 94
FPGA:   指令监测   EB 90 04 55 00 00 00 00 00 00 00 00 00 00 00

2023年12月06日 19:26:21
CMP:   状态轮询   EB 90 04 25 01 5A 5A 00 DE
CMP:   平台信息   EB 90 04 63 2D 00 00 00 00 00 00 00 00 00 00 00 00 00 00 00 00 00 00 00 00 00 00 00 00 00 00 00 00 00 00 00 00 00 00 00 00 00 00 00 00 00 00 00 00 00 00 00 94
FPGA:   指令监测   EB 90 04 55 00 00 00 00 00 00 00 00 00 00 00

2023年12月06日 19:26:22
CMP:   状态轮询   EB 90 04 25 01 5A 5A 00 DE
CMP:   平台信息   EB 90 04 63 2D 00 00 00 00 00 00 00 00 00 00 00 00 00 00 00 00 00 00 00 00 00 00 00 00 00 00 00 00 00 00 00 00 00 00 00 00 00 00 00 00 00 00 00 00 00 00 00 94
FPGA:   指令监测   EB 90 04 55 00 00 00 00 00 00 00 00 00 00 00

2023年12月06日 19:26:23
CMP:   状态轮询   EB 90 04 25 01 5A 5A 00 DE
CMP:   平台信息   EB 90 04 63 2D 00 00 00 00 00 00 00 00 00 00 00 00 00 00 00 00 00 00 00 00 00 00 00 00 00 00 00 00 00 00 00 00 00 00 00 00 00 00 00 00 00 00 00 00 00 00 00 94
FPGA:   指令监测   EB 90 04 55 00 00 00 00 00 00 00 00 00 00 00

2023年12月06日 19:26:24
CMP:   状态轮询   EB 90 04 25 01 5A 5A 00 DE
CMP:   平台信息   EB 90 04 63 2D 00 00 00 00 00 00 00 00 00 00 00 00 00 00 00 00 00 00 00 00 00 00 00 00 00 00 00 00 00 00 00 00 00 00 00 00 00 00 00 00 00 00 00 00 00 00 00 94
FPGA:   指令监测   EB 90 04 55 00 00 00 00 00 00 00 00 00 00 00

2023年12月06日 19:26:25
CMP:   状态轮询   EB 90 04 25 01 5A 5A 00 DE
CMP:   平台信息   EB 90 04 63 2D 00 00 00 00 00 00 00 00 00 00 00 00 00 00 00 00 00 00 00 00 00 00 00 00 00 00 00 00 00 00 00 00 00 00 00 00 00 00 00 00 00 00 00 00 00 00 00 94
FPGA:   指令监测   EB 90 04 55 00 00 00 00 00 00 00 00 00 00 00

2023年12月06日 19:26:26
CMP:   状态轮询   EB 90 04 25 01 5A 5A 00 DE
CMP:   平台信息   EB 90 04 63 2D 00 00 00 00 00 00 00 00 00 00 00 00 00 00 00 00 00 00 00 00 00 00 00 00 00 00 00 00 00 00 00 00 00 00 00 00 00 00 00 00 00 00 00 00 00 00 00 94
FPGA:   指令监测   EB 90 04 55 00 00 00 00 00 00 00 00 00 00 00

2023年12月06日 19:26:27
CMP:   状态轮询   EB 90 04 25 01 5A 5A 00 DE
CMP:   平台信息   EB 90 04 63 2D 00 00 00 00 00 00 00 00 00 00 00 00 00 00 00 00 00 00 00 00 00 00 00 00 00 00 00 00 00 00 00 00 00 00 00 00 00 00 00 00 00 00 00 00 00 00 00 94
FPGA:   指令监测   EB 90 04 55 00 00 00 00 00 00 00 00 00 00 00

2023年12月06日 19:26:28
CMP:   状态轮询   EB 90 04 25 01 5A 5A 00 DE
CMP:   平台信息   EB 90 04 63 2D 00 00 00 00 00 00 00 00 00 00 00 00 00 00 00 00 00 00 00 00 00 00 00 00 00 00 00 00 00 00 00 00 00 00 00 00 00 00 00 00 00 00 00 00 00 00 00 94
FPGA:   指令监测   EB 90 04 55 00 00 00 00 00 00 00 00 00 00 00

2023年12月06日 19:26:29
CMP:   状态轮询   EB 90 04 25 01 5A 5A 00 DE
CMP:   平台信息   EB 90 04 63 2D 00 00 00 00 00 00 00 00 00 00 00 00 00 00 00 00 00 00 00 00 00 00 00 00 00 00 00 00 00 00 00 00 00 00 00 00 00 00 00 00 00 00 00 00 00 00 00 94
FPGA:   指令监测   EB 90 04 55 00 00 00 00 00 00 00 00 00 00 00

2023年12月06日 19:26:30
CMP:   状态轮询   EB 90 04 25 01 5A 5A 00 DE
CMP:   平台信息   EB 90 04 63 2D 00 00 00 00 00 00 00 00 00 00 00 00 00 00 00 00 00 00 00 00 00 00 00 00 00 00 00 00 00 00 00 00 00 00 00 00 00 00 00 00 00 00 00 00 00 00 00 94
FPGA:   指令监测   EB 90 04 55 00 00 00 00 00 00 00 00 00 00 00

2023年12月06日 19:26:31
CMP:   状态轮询   EB 90 04 25 01 5A 5A 00 DE
CMP:   平台信息   EB 90 04 63 2D 00 00 00 00 00 00 00 00 00 00 00 00 00 00 00 00 00 00 00 00 00 00 00 00 00 00 00 00 00 00 00 00 00 00 00 00 00 00 00 00 00 00 00 00 00 00 00 94
FPGA:   指令监测   EB 90 04 55 00 00 00 00 00 00 00 00 00 00 00

2023年12月06日 19:26:32
CMP:   状态轮询   EB 90 04 25 01 5A 5A 00 DE
CMP:   平台信息   EB 90 04 63 2D 00 00 00 00 00 00 00 00 00 00 00 00 00 00 00 00 00 00 00 00 00 00 00 00 00 00 00 00 00 00 00 00 00 00 00 00 00 00 00 00 00 00 00 00 00 00 00 94
FPGA:   指令监测   EB 90 04 55 00 00 00 00 00 00 00 00 00 00 00

2023年12月06日 19:26:33
CMP:   状态轮询   EB 90 04 25 01 5A 5A 00 DE
CMP:   平台信息   EB 90 04 63 2D 00 00 00 00 00 00 00 00 00 00 00 00 00 00 00 00 00 00 00 00 00 00 00 00 00 00 00 00 00 00 00 00 00 00 00 00 00 00 00 00 00 00 00 00 00 00 00 94
FPGA:   指令监测   EB 90 04 55 00 00 00 00 00 00 00 00 00 00 00

2023年12月06日 19:26:34
CMP:   状态轮询   EB 90 04 25 01 5A 5A 00 DE
CMP:   平台信息   EB 90 04 63 2D 00 00 00 00 00 00 00 00 00 00 00 00 00 00 00 00 00 00 00 00 00 00 00 00 00 00 00 00 00 00 00 00 00 00 00 00 00 00 00 00 00 00 00 00 00 00 00 94
FPGA:   指令监测   EB 90 04 55 00 00 00 00 00 00 00 00 00 00 00

2023年12月06日 19:26:35
CMP:   状态轮询   EB 90 04 25 01 5A 5A 00 DE
CMP:   平台信息   EB 90 04 63 2D 00 00 00 00 00 00 00 00 00 00 00 00 00 00 00 00 00 00 00 00 00 00 00 00 00 00 00 00 00 00 00 00 00 00 00 00 00 00 00 00 00 00 00 00 00 00 00 94
FPGA:   指令监测   EB 90 04 55 00 00 00 00 00 00 00 00 00 00 00

2023年12月06日 19:26:36
CMP:   状态轮询   EB 90 04 25 01 5A 5A 00 DE
CMP:   平台信息   EB 90 04 63 2D 00 00 00 00 00 00 00 00 00 00 00 00 00 00 00 00 00 00 00 00 00 00 00 00 00 00 00 00 00 00 00 00 00 00 00 00 00 00 00 00 00 00 00 00 00 00 00 94
FPGA:   指令监测   EB 90 04 55 00 00 00 00 00 00 00 00 00 00 00

2023年12月06日 19:26:37
CMP:   状态轮询   EB 90 04 25 01 5A 5A 00 DE
CMP:   平台信息   EB 90 04 63 2D 00 00 00 00 00 00 00 00 00 00 00 00 00 00 00 00 00 00 00 00 00 00 00 00 00 00 00 00 00 00 00 00 00 00 00 00 00 00 00 00 00 00 00 00 00 00 00 94
FPGA:   指令监测   EB 90 04 55 00 00 00 00 00 00 00 00 00 00 00

2023年12月06日 19:26:38
CMP:   状态轮询   EB 90 04 25 01 5A 5A 00 DE
CMP:   平台信息   EB 90 04 63 2D 00 00 00 00 00 00 00 00 00 00 00 00 00 00 00 00 00 00 00 00 00 00 00 00 00 00 00 00 00 00 00 00 00 00 00 00 00 00 00 00 00 00 00 00 00 00 00 94
FPGA:   指令监测   EB 90 04 55 00 00 00 00 00 00 00 00 00 00 00

2023年12月06日 19:26:39
CMP:   状态轮询   EB 90 04 25 01 5A 5A 00 DE
CMP:   平台信息   EB 90 04 63 2D 00 00 00 00 00 00 00 00 00 00 00 00 00 00 00 00 00 00 00 00 00 00 00 00 00 00 00 00 00 00 00 00 00 00 00 00 00 00 00 00 00 00 00 00 00 00 00 94
FPGA:   指令监测   EB 90 04 55 00 00 00 00 00 00 00 00 00 00 00

2023年12月06日 19:26:40
CMP:   状态轮询   EB 90 04 25 01 5A 5A 00 DE
CMP:   平台信息   EB 90 04 63 2D 00 00 00 00 00 00 00 00 00 00 00 00 00 00 00 00 00 00 00 00 00 00 00 00 00 00 00 00 00 00 00 00 00 00 00 00 00 00 00 00 00 00 00 00 00 00 00 94
FPGA:   指令监测   EB 90 04 55 00 00 00 00 00 00 00 00 00 00 00

2023年12月06日 19:26:41
CMP:   状态轮询   EB 90 04 25 01 5A 5A 00 DE
CMP:   平台信息   EB 90 04 63 2D 00 00 00 00 00 00 00 00 00 00 00 00 00 00 00 00 00 00 00 00 00 00 00 00 00 00 00 00 00 00 00 00 00 00 00 00 00 00 00 00 00 00 00 00 00 00 00 94
FPGA:   指令监测   EB 90 04 55 00 00 00 00 00 00 00 00 00 00 00

2023年12月06日 19:26:42
CMP:   状态轮询   EB 90 04 25 01 5A 5A 00 DE
CMP:   平台信息   EB 90 04 63 2D 00 00 00 00 00 00 00 00 00 00 00 00 00 00 00 00 00 00 00 00 00 00 00 00 00 00 00 00 00 00 00 00 00 00 00 00 00 00 00 00 00 00 00 00 00 00 00 94
FPGA:   指令监测   EB 90 04 55 00 00 00 00 00 00 00 00 00 00 00

2023年12月06日 19:26:43
CMP:   状态轮询   EB 90 04 25 01 5A 5A 00 DE
CMP:   平台信息   EB 90 04 63 2D 00 00 00 00 00 00 00 00 00 00 00 00 00 00 00 00 00 00 00 00 00 00 00 00 00 00 00 00 00 00 00 00 00 00 00 00 00 00 00 00 00 00 00 00 00 00 00 94
FPGA:   指令监测   EB 90 04 55 00 00 00 00 00 00 00 00 00 00 00

2023年12月06日 19:26:44
CMP:   状态轮询   EB 90 04 25 01 5A 5A 00 DE
CMP:   平台信息   EB 90 04 63 2D 00 00 00 00 00 00 00 00 00 00 00 00 00 00 00 00 00 00 00 00 00 00 00 00 00 00 00 00 00 00 00 00 00 00 00 00 00 00 00 00 00 00 00 00 00 00 00 94
FPGA:   指令监测   EB 90 04 55 00 00 00 00 00 00 00 00 00 00 00

2023年12月06日 19:26:45
CMP:   状态轮询   EB 90 04 25 01 5A 5A 00 DE
CMP:   平台信息   EB 90 04 63 2D 00 00 00 00 00 00 00 00 00 00 00 00 00 00 00 00 00 00 00 00 00 00 00 00 00 00 00 00 00 00 00 00 00 00 00 00 00 00 00 00 00 00 00 00 00 00 00 94
FPGA:   指令监测   EB 90 04 55 00 00 00 00 00 00 00 00 00 00 00

2023年12月06日 19:26:46
CMP:   状态轮询   EB 90 04 25 01 5A 5A 00 DE
CMP:   平台信息   EB 90 04 63 2D 00 00 00 00 00 00 00 00 00 00 00 00 00 00 00 00 00 00 00 00 00 00 00 00 00 00 00 00 00 00 00 00 00 00 00 00 00 00 00 00 00 00 00 00 00 00 00 94
FPGA:   指令监测   EB 90 04 55 00 00 00 00 00 00 00 00 00 00 00

2023年12月06日 19:26:47
CMP:   状态轮询   EB 90 04 25 01 5A 5A 00 DE
CMP:   平台信息   EB 90 04 63 2D 00 00 00 00 00 00 00 00 00 00 00 00 00 00 00 00 00 00 00 00 00 00 00 00 00 00 00 00 00 00 00 00 00 00 00 00 00 00 00 00 00 00 00 00 00 00 00 94
FPGA:   指令监测   EB 90 04 55 00 00 00 00 00 00 00 00 00 00 00

2023年12月06日 19:26:48
CMP:   状态轮询   EB 90 04 25 01 5A 5A 00 DE
CMP:   平台信息   EB 90 04 63 2D 00 00 00 00 00 00 00 00 00 00 00 00 00 00 00 00 00 00 00 00 00 00 00 00 00 00 00 00 00 00 00 00 00 00 00 00 00 00 00 00 00 00 00 00 00 00 00 94
FPGA:   指令监测   EB 90 04 55 00 00 00 00 00 00 00 00 00 00 00

2023年12月06日 19:26:49
CMP:   状态轮询   EB 90 04 25 01 5A 5A 00 DE
CMP:   平台信息   EB 90 04 63 2D 00 00 00 00 00 00 00 00 00 00 00 00 00 00 00 00 00 00 00 00 00 00 00 00 00 00 00 00 00 00 00 00 00 00 00 00 00 00 00 00 00 00 00 00 00 00 00 94
FPGA:   指令监测   EB 90 04 55 00 00 00 00 00 00 00 00 00 00 00

2023年12月06日 19:26:50
CMP:   状态轮询   EB 90 04 25 01 5A 5A 00 DE
CMP:   平台信息   EB 90 04 63 2D 00 00 00 00 00 00 00 00 00 00 00 00 00 00 00 00 00 00 00 00 00 00 00 00 00 00 00 00 00 00 00 00 00 00 00 00 00 00 00 00 00 00 00 00 00 00 00 94
FPGA:   指令监测   EB 90 04 55 00 00 00 00 00 00 00 00 00 00 00

2023年12月06日 19:26:51
CMP:   状态轮询   EB 90 04 25 01 5A 5A 00 DE
CMP:   平台信息   EB 90 04 63 2D 00 00 00 00 00 00 00 00 00 00 00 00 00 00 00 00 00 00 00 00 00 00 00 00 00 00 00 00 00 00 00 00 00 00 00 00 00 00 00 00 00 00 00 00 00 00 00 94
FPGA:   指令监测   EB 90 04 55 00 00 00 00 00 00 00 00 00 00 00

2023年12月06日 19:26:52
CMP:   状态轮询   EB 90 04 25 01 5A 5A 00 DE
CMP:   平台信息   EB 90 04 63 2D 00 00 00 00 00 00 00 00 00 00 00 00 00 00 00 00 00 00 00 00 00 00 00 00 00 00 00 00 00 00 00 00 00 00 00 00 00 00 00 00 00 00 00 00 00 00 00 94
FPGA:   指令监测   EB 90 04 55 00 00 00 00 00 00 00 00 00 00 00

2023年12月06日 19:26:53
CMP:   状态轮询   EB 90 04 25 01 5A 5A 00 DE
CMP:   平台信息   EB 90 04 63 2D 00 00 00 00 00 00 00 00 00 00 00 00 00 00 00 00 00 00 00 00 00 00 00 00 00 00 00 00 00 00 00 00 00 00 00 00 00 00 00 00 00 00 00 00 00 00 00 94
FPGA:   指令监测   EB 90 04 55 00 00 00 00 00 00 00 00 00 00 00

2023年12月06日 19:26:54
CMP:   状态轮询   EB 90 04 25 01 5A 5A 00 DE
CMP:   平台信息   EB 90 04 63 2D 00 00 00 00 00 00 00 00 00 00 00 00 00 00 00 00 00 00 00 00 00 00 00 00 00 00 00 00 00 00 00 00 00 00 00 00 00 00 00 00 00 00 00 00 00 00 00 94
FPGA:   指令监测   EB 90 04 55 00 00 00 00 00 00 00 00 00 00 00

2023年12月06日 19:26:55
CMP:   状态轮询   EB 90 04 25 01 5A 5A 00 DE
CMP:   平台信息   EB 90 04 63 2D 00 00 00 00 00 00 00 00 00 00 00 00 00 00 00 00 00 00 00 00 00 00 00 00 00 00 00 00 00 00 00 00 00 00 00 00 00 00 00 00 00 00 00 00 00 00 00 94
FPGA:   指令监测   EB 90 04 55 00 00 00 00 00 00 00 00 00 00 00

2023年12月06日 19:26:56
CMP:   状态轮询   EB 90 04 25 01 5A 5A 00 DE
CMP:   平台信息   EB 90 04 63 2D 00 00 00 00 00 00 00 00 00 00 00 00 00 00 00 00 00 00 00 00 00 00 00 00 00 00 00 00 00 00 00 00 00 00 00 00 00 00 00 00 00 00 00 00 00 00 00 94
FPGA:   指令监测   EB 90 04 55 00 00 00 00 00 00 00 00 00 00 00

2023年12月06日 19:26:57
CMP:   状态轮询   EB 90 04 25 01 5A 5A 00 DE
CMP:   平台信息   EB 90 04 63 2D 00 00 00 00 00 00 00 00 00 00 00 00 00 00 00 00 00 00 00 00 00 00 00 00 00 00 00 00 00 00 00 00 00 00 00 00 00 00 00 00 00 00 00 00 00 00 00 94
FPGA:   指令监测   EB 90 04 55 00 00 00 00 00 00 00 00 00 00 00

2023年12月06日 19:26:58
CMP:   状态轮询   EB 90 04 25 01 5A 5A 00 DE
CMP:   平台信息   EB 90 04 63 2D 00 00 00 00 00 00 00 00 00 00 00 00 00 00 00 00 00 00 00 00 00 00 00 00 00 00 00 00 00 00 00 00 00 00 00 00 00 00 00 00 00 00 00 00 00 00 00 94
FPGA:   指令监测   EB 90 04 55 00 00 00 00 00 00 00 00 00 00 00

2023年12月06日 19:26:59
CMP:   状态轮询   EB 90 04 25 01 5A 5A 00 DE
CMP:   平台信息   EB 90 04 63 2D 00 00 00 00 00 00 00 00 00 00 00 00 00 00 00 00 00 00 00 00 00 00 00 00 00 00 00 00 00 00 00 00 00 00 00 00 00 00 00 00 00 00 00 00 00 00 00 94
FPGA:   指令监测   EB 90 04 55 00 00 00 00 00 00 00 00 00 00 00

2023年12月06日 19:27:00
CMP:   状态轮询   EB 90 04 25 01 5A 5A 00 DE
CMP:   平台信息   EB 90 04 63 2D 00 00 00 00 00 00 00 00 00 00 00 00 00 00 00 00 00 00 00 00 00 00 00 00 00 00 00 00 00 00 00 00 00 00 00 00 00 00 00 00 00 00 00 00 00 00 00 94
FPGA:   指令监测   EB 90 04 55 00 00 00 00 00 00 00 00 00 00 00

2023年12月06日 19:27:01
CMP:   状态轮询   EB 90 04 25 01 5A 5A 00 DE
CMP:   平台信息   EB 90 04 63 2D 00 00 00 00 00 00 00 00 00 00 00 00 00 00 00 00 00 00 00 00 00 00 00 00 00 00 00 00 00 00 00 00 00 00 00 00 00 00 00 00 00 00 00 00 00 00 00 94
FPGA:   指令监测   EB 90 04 55 00 00 00 00 00 00 00 00 00 00 00

2023年12月06日 19:27:02
CMP:   状态轮询   EB 90 04 25 01 5A 5A 00 DE
CMP:   平台信息   EB 90 04 63 2D 00 00 00 00 00 00 00 00 00 00 00 00 00 00 00 00 00 00 00 00 00 00 00 00 00 00 00 00 00 00 00 00 00 00 00 00 00 00 00 00 00 00 00 00 00 00 00 94
FPGA:   指令监测   EB 90 04 55 00 00 00 00 00 00 00 00 00 00 00

2023年12月06日 19:27:03
CMP:   状态轮询   EB 90 04 25 01 5A 5A 00 DE
CMP:   平台信息   EB 90 04 63 2D 00 00 00 00 00 00 00 00 00 00 00 00 00 00 00 00 00 00 00 00 00 00 00 00 00 00 00 00 00 00 00 00 00 00 00 00 00 00 00 00 00 00 00 00 00 00 00 94
FPGA:   指令监测   EB 90 04 55 00 00 00 00 00 00 00 00 00 00 00

2023年12月06日 19:27:04
CMP:   状态轮询   EB 90 04 25 01 5A 5A 00 DE
CMP:   平台信息   EB 90 04 63 2D 00 00 00 00 00 00 00 00 00 00 00 00 00 00 00 00 00 00 00 00 00 00 00 00 00 00 00 00 00 00 00 00 00 00 00 00 00 00 00 00 00 00 00 00 00 00 00 94
FPGA:   指令监测   EB 90 04 55 00 00 00 00 00 00 00 00 00 00 00

2023年12月06日 19:27:05
CMP:   状态轮询   EB 90 04 25 01 5A 5A 00 DE
CMP:   平台信息   EB 90 04 63 2D 00 00 00 00 00 00 00 00 00 00 00 00 00 00 00 00 00 00 00 00 00 00 00 00 00 00 00 00 00 00 00 00 00 00 00 00 00 00 00 00 00 00 00 00 00 00 00 94
FPGA:   指令监测   EB 90 04 55 00 00 00 00 00 00 00 00 00 00 00

2023年12月06日 19:27:06
CMP:   状态轮询   EB 90 04 25 01 5A 5A 00 DE
CMP:   平台信息   EB 90 04 63 2D 00 00 00 00 00 00 00 00 00 00 00 00 00 00 00 00 00 00 00 00 00 00 00 00 00 00 00 00 00 00 00 00 00 00 00 00 00 00 00 00 00 00 00 00 00 00 00 94
FPGA:   指令监测   EB 90 04 55 00 00 00 00 00 00 00 00 00 00 00

2023年12月06日 19:27:07
CMP:   状态轮询   EB 90 04 25 01 5A 5A 00 DE
CMP:   平台信息   EB 90 04 63 2D 00 00 00 00 00 00 00 00 00 00 00 00 00 00 00 00 00 00 00 00 00 00 00 00 00 00 00 00 00 00 00 00 00 00 00 00 00 00 00 00 00 00 00 00 00 00 00 94
FPGA:   指令监测   EB 90 04 55 00 00 00 00 00 00 00 00 00 00 00

2023年12月06日 19:27:08
CMP:   状态轮询   EB 90 04 25 01 5A 5A 00 DE
CMP:   平台信息   EB 90 04 63 2D 00 00 00 00 00 00 00 00 00 00 00 00 00 00 00 00 00 00 00 00 00 00 00 00 00 00 00 00 00 00 00 00 00 00 00 00 00 00 00 00 00 00 00 00 00 00 00 94
FPGA:   指令监测   EB 90 04 55 00 00 00 00 00 00 00 00 00 00 00

2023年12月06日 19:27:09
CMP:   状态轮询   EB 90 04 25 01 5A 5A 00 DE
CMP:   平台信息   EB 90 04 63 2D 00 00 00 00 00 00 00 00 00 00 00 00 00 00 00 00 00 00 00 00 00 00 00 00 00 00 00 00 00 00 00 00 00 00 00 00 00 00 00 00 00 00 00 00 00 00 00 94
FPGA:   指令监测   EB 90 04 55 00 00 00 00 00 00 00 00 00 00 00

2023年12月06日 19:27:10
CMP:   状态轮询   EB 90 04 25 01 5A 5A 00 DE
CMP:   平台信息   EB 90 04 63 2D 00 00 00 00 00 00 00 00 00 00 00 00 00 00 00 00 00 00 00 00 00 00 00 00 00 00 00 00 00 00 00 00 00 00 00 00 00 00 00 00 00 00 00 00 00 00 00 94
FPGA:   指令监测   EB 90 04 55 00 00 00 00 00 00 00 00 00 00 00

2023年12月06日 19:27:11
CMP:   状态轮询   EB 90 04 25 01 5A 5A 00 DE
CMP:   平台信息   EB 90 04 63 2D 00 00 00 00 00 00 00 00 00 00 00 00 00 00 00 00 00 00 00 00 00 00 00 00 00 00 00 00 00 00 00 00 00 00 00 00 00 00 00 00 00 00 00 00 00 00 00 94
FPGA:   指令监测   EB 90 04 55 00 00 00 00 00 00 00 00 00 00 00

2023年12月06日 19:27:12
CMP:   状态轮询   EB 90 04 25 01 5A 5A 00 DE
CMP:   平台信息   EB 90 04 63 2D 00 00 00 00 00 00 00 00 00 00 00 00 00 00 00 00 00 00 00 00 00 00 00 00 00 00 00 00 00 00 00 00 00 00 00 00 00 00 00 00 00 00 00 00 00 00 00 94
FPGA:   指令监测   EB 90 04 55 00 00 00 00 00 00 00 00 00 00 00