

2023年12月06日 16:00:15

2023年12月06日 16:00:16 90 25 5A 00 EB 04 2D 00 00 00 00 00 00 00 00 00 00 00 00 00 00 00 00 00 00 00 00 00 00 00 94 90 25 5A 00 EB 04 2D 00 00 00 00 00 00 00 00 00 00 00 00 00 00 00 00 00 00 00 00 00 00 00 94 90 25 5A 00 EB 04 2D 00 00 00 00 00 00 00 00 00 00 00 00 00 00 00 00 00 00 00 00 00 00 00 94 90 25 5A 00 EB 04 2D 00 00 00 00 00 00 00 00 00 00 00 00 00 00 00 00 00 00 00 00 00 00 00 94 90 25 5A 00 EB 04 2D 00 00 00 00 00 00 00 00 00 00 00 00 00 00 00 00 00 00 00 00 00 00 00 94 90 25 5A 00 EB 04 2D 00 00 00 00 00 00 00 00 00 00 00 00 00 00 00 00 00 00 00 00 00 00 00 94 90 25 5A 00 EB 04 2D 00 00 00 00 00 00 00 00 00 00 00 00 00 00 00 00 00 00 00 00 00 00 00 94 90 25 5A 00 EB 04 2D 00 00 00 00 00 00 00 00 00 00 00 00 00 00 00 00 00 00 00 00 00 00 00 94 90 25 5A 00 EB 04 2D 00 00 00 00 00 00 00 00 00 00 00 00 00 00 00 00 00 00 00 00 00 00 00 94 90 25 5A 00 EB 04 2D 00 00 00 00 00 00 00 00 00 00 00 00 00 00 00 00 00 00 00 00 00 00 00 94 90 25 5A 00 EB 04 2D 00 00 00 00 00 00 00 00 00 00 00 00 00 00 00 00 00 00 00 00 00 00 00 94 90 25 5A 00 EB 04 2D 00 00 00 00 00 00 00 00 00 00 00 00 00 00 00 00 00 00 00 00 00 00 00 94 90 25 5A 00 EB 04 2D 00 00 00 00 00 00 00 00 00 00 00 00 00 00 00 00 00 00 00 00 00 00 00 94 90 25 5A 00 EB 04 2D 00 00 00 00 00 00 00 00 00 00 00 00 00 00 00 00 00 00 00 00 00 00 00 94 90 25 5A 00 EB 04 2D 00 00 00 00 00 00 00 00 00 00 00 00 00 00 00 00 00 00 00 00 00 00 00 94 90 25 5A 00 EB 04 2D 00 00 00 00 00 00 00 00 00 00 00 00 00 00 00 00 00 00 00 00 00 00 00 94 90 25 5A 00 EB 04 2D 00 00 00 00 00 00 00 00 00 00 00 00 00 00 00 00 00 00 00 00 00 00 00 94 90 25 5A 00 EB 04 2D 00 00 00 00 00 00 00 00 00 00 00 00 00 00 00 00 00 00 00 00 00 00 00 94 90 55 00 00 00 00 00 00

2023年12月06日 16:00:17 90 25 5A 00 EB 04 2D 00 00 00 00 00 00 00 00 00 00 00 00 00 00 00 00 00 00 00 00 00 00 00 94 90 55 00 00 00 00 00 00

2023年12月06日 16:00:18 90 25 5A 00 EB 04 2D 00 00 00 00 00 00 00 00 00 00 00 00 00 00 00 00 00 00 00 00 00 00 00 94 90 55 00 00 00 00 00 00

2023年12月06日 16:00:19 90 25 5A 00 EB 04 2D 00 00 00 00 00 00 00 00 00 00 00 00 00 00 00 00 00 00 00 00 00 00 00 94 90 55 00 00 00 00 00 00

2023年12月06日 16:00:20 90 25 5A 00 EB 04 2D 00 00 00 00 00 00 00 00 00 00 00 00 00 00 00 00 00 00 00 00 00 00 00 94 90 55 00 00 00 00 00 00

2023年12月06日 16:00:21 90 25 5A 00 EB 04 2D 00 00 00 00 00 00 00 00 00 00 00 00 00 00 00 00 00 00 00 00 00 00 00 94 90 55 00 00 00 00 00 00

2023年12月06日 16:00:22 90 25 5A 00 EB 04 2D 00 00 00 00 00 00 00 00 00 00 00 00 00 00 00 00 00 00 00 00 00 00 00 94 90 55 00 00 00 00 00 00

2023年12月06日 16:00:23 90 25 5A 00 EB 04 2D 00 00 00 00 00 00 00 00 00 00 00 00 00 00 00 00 00 00 00 00 00 00 00 94 90 55 00 00 00 00 00 00

2023年12月06日 16:00:24 90 25 5A 00 EB 04 2D 00 00 00 00 00 00 00 00 00 00 00 00 00 00 00 00 00 00 00 00 00 00 00 94 90 55 00 00 00 00 00 00

2023年12月06日 16:00:25 90 25 5A 00 EB 04 2D 00 00 00 00 00 00 00 00 00 00 00 00 00 00 00 00 00 00 00 00 00 00 00 94 90 55 00 00 00 00 00 00

2023年12月06日 16:00:26 90 25 5A 00 EB 04 2D 00 00 00 00 00 00 00 00 00 00 00 00 00 00 00 00 00 00 00 00 00 00 00 94 90 55 00 00 00 00 00 00

2023年12月06日 16:00:27 90 25 5A 00 EB 04 2D 00 00 00 00 00 00 00 00 00 00 00 00 00 00 00 00 00 00 00 00 00 00 00 94 90 55 00 00 00 00 00 00

2023年12月06日 16:00:28 90 25 5A 00 EB 04 2D 00 00 00 00 00 00 00 00 00 00 00 00 00 00 00 00 00 00 00 00 00 00 00 94 90 55 00 00 00 00 00 00

2023年12月06日 16:00:29 90 25 5A 00 EB 04 2D 00 00 00 00 00 00 00 00 00 00 00 00 00 00 00 00 00 00 00 00 00 00 00 94 90 55 00 00 00 00 00 00

2023年12月06日 16:00:30 90 25 5A 00 EB 04 2D 00 00 00 00 00 00 00 00 00 00 00 00 00 00 00 00 00 00 00 00 00 00 00 94 90 55 00 00 00 00 00 00

2023年12月06日 16:00:31 90 25 5A 00 EB 04 2D 00 00 00 00 00 00 00 00 00 00 00 00 00 00 00 00 00 00 00 00 00 00 00 94 90 55 00 00 00 00 00 00

2023年12月06日 16:00:32 90 25 5A 00 EB 04 2D 00 00 00 00 00 00 00 00 00 00 00 00 00 00 00 00 00 00 00 00 00 00 00 94 90 55 00 00 00 00 00 00

2023年12月06日 16:00:33 90 25 5A 00 EB 04 2D 00 00 00 00 00 00 00 00 00 00 00 00 00 00 00 00 00 00 00 00 00 00 00 94 90 55 00 00 00 00 00 00

2023年12月06日 16:00:34 90 25 5A 00 EB 04 2D 00 00 00 00 00 00 00 00 00 00 00 00 00 00 00 00 00 00 00 00 00 00 00 94 90 55 00 00 00 00 00 00

2023年12月06日 16:00:35 90 25 5A 00 EB 04 2D 00 00 00 00 00 00 00 00 00 00 00 00 00 00 00 00 00 00 00 00 00 00 00 94 90 55 00 00 00 00 00 00

2023年12月06日 16:00:36 90 25 5A 00 EB 04 2D 00 00 00 00 00 00 00 00 00 00 00 00 00 00 00 00 00 00 00 00 00 00 00 94 90 55 00 00 00 00 00 00

2023年12月06日 16:00:37 90 25 5A 00 EB 04 2D 00 00 00 00 00 00 00 00 00 00 00 00 00 00 00 00 00 00 00 00 00 00 00 94 90 55 00 00 00 00 00 00

2023年12月06日 16:00:38 90 25 5A 00 EB 04 2D 00 00 00 00 00 00 00 00 00 00 00 00 00 00 00 00 00 00 00 00 00 00 00 94 90 55 00 00 00 00 00 00

2023年12月06日 16:00:39 90 25 5A 00 EB 04 2D 00 00 00 00 00 00 00 00 00 00 00 00 00 00 00 00 00 00 00 00 00 00 00 94 90 55 00 00 00 00 00 00

2023年12月06日 16:00:40 90 25 5A 00 EB 04 2D 00 00 00 00 00 00 00 00 00 00 00 00 00 00 00 00 00 00 00 00 00 00 00 94 90 55 00 00 00 00 00 00

2023年12月06日 16:00:41 90 25 5A 00 EB 04 2D 00 00 00 00 00 00 00 00 00 00 00 00 00 00 00 00 00 00 00 00 00 00 00 94 90 55 00 00 00 00 00 00

2023年12月06日 16:00:42 90 25 5A 00 EB 04 2D 00 00 00 00 00 00 00 00 00 00 00 00 00 00 00 00 00 00 00 00 00 00 00 94 90 55 00 00 00 00 00 00

2023年12月06日 16:00:43 90 25 5A 00 EB 04 2D 00 00 00 00 00 00 00 00 00 00 00 00 00 00 00 00 00 00 00 00 00 00 00 94 90 55 00 00 00 00 00 00

2023年12月06日 16:00:44 90 25 5A 00 EB 04 2D 00 00 00 00 00 00 00 00 00 00 00 00 00 00 00 00 00 00 00 00 00 00 00 94 90 55 00 00 00 00 00 00

2023年12月06日 16:00:45 90 25 5A 00 EB 04 2D 00 00 00 00 00 00 00 00 00 00 00 00 00 00 00 00 00 00 00 00 00 00 00 94 90 55 00 00 00 00 00 00

2023年12月06日 16:00:46 90 25 5A 00 EB 04 2D 00 00 00 00 00 00 00 00 00 00 00 00 00 00 00 00 00 00 00 00 00 00 00 94 90 55 00 00 00 00 00 00

2023年12月06日 16:00:47 90 25 5A 00 EB 04 2D 00 00 00 00 00 00 00 00 00 00 00 00 00 00 00 00 00 00 00 00 00 00 00 94 90 55 00 00 00 00 00 00

2023年12月06日 16:00:48 90 25 5A 00 EB 04 2D 00 00 00 00 00 00 00 00 00 00 00 00 00 00 00 00 00 00 00 00 00 00 00 94 90 55 00 00 00 00 00 00

2023年12月06日 16:00:49 90 25 5A 00 EB 04 2D 00 00 00 00 00 00 00 00 00 00 00 00 00 00 00 00 00 00 00 00 00 00 00 94 90 55 00 00 00 00 00 00

2023年12月06日 16:00:50 90 25 5A 00 EB 04 2D 00 00 00 00 00 00 00 00 00 00 00 00 00 00 00 00 00 00 00 00 00 00 00 94 90 55 00 00 00 00 00 00

2023年12月06日 16:00:51 90 25 5A 00 EB 04 2D 00 00 00 00 00 00 00 00 00 00 00 00 00 00 00 00 00 00 00 00 00 00 00 94 90 55 00 00 00 00 00 00

2023年12月06日 16:00:52 90 25 5A 00 EB 04 2D 00 00 00 00 00 00 00 00 00 00 00 00 00 00 00 00 00 00 00 00 00 00 00 94 90 55 00 00 00 00 00 00

2023年12月06日 16:00:53 90 25 5A 00 EB 04 2D 00 00 00 00 00 00 00 00 00 00 00 00 00 00 00 00 00 00 00 00 00 00 00 94 90 55 00 00 00 00 00 00

2023年12月06日 16:00:54 90 25 5A 00 EB 04 2D 00 00 00 00 00 00 00 00 00 00 00 00 00 00 00 00 00 00 00 00 00 00 00 94 90 55 00 00 00 00 00 00

2023年12月06日 16:00:55 90 25 5A 00 EB 04 2D 00 00 00 00 00 00 00 00 00 00 00 00 00 00 00 00 00 00 00 00 00 00 00 94 90 55 00 00 00 00 00 00

2023年12月06日 16:00:56 90 25 5A 00 EB 04 2D 00 00 00 00 00 00 00 00 00 00 00 00 00 00 00 00 00 00 00 00 00 00 00 94 90 55 00 00 00 00 00 00

2023年12月06日 16:00:57 90 25 5A 00 EB 04 2D 00 00 00 00 00 00 00 00 00 00 00 00 00 00 00 00 00 00 00 00 00 00 00 94 90 55 00 00 00 00 00 00

2023年12月06日 16:00:58 90 25 5A 00 EB 04 2D 00 00 00 00 00 00 00 00 00 00 00 00 00 00 00 00 00 00 00 00 00 00 00 94 90 55 00 00 00 00 00 00

2023年12月06日 16:00:59 90 25 5A 00 EB 04 2D 00 00 00 00 00 00 00 00 00 00 00 00 00 00 00 00 00 00 00 00 00 00 00 94 90 55 00 00 00 00 00 00

2023年12月06日 16:01:00 90 25 5A 00 EB 04 2D 00 00 00 00 00 00 00 00 00 00 00 00 00 00 00 00 00 00 00 00 00 00 00 94 90 55 00 00 00 00 00 00

2023年12月06日 16:01:01 90 25 5A 00 EB 04 2D 00 00 00 00 00 00 00 00 00 00 00 00 00 00 00 00 00 00 00 00 00 00 00 94 90 55 00 00 00 00 00 00

2023年12月06日 16:01:02 90 25 5A 00 EB 04 2D 00 00 00 00 00 00 00 00 00 00 00 00 00 00 00 00 00 00 00 00 00 00 00 94 90 55 00 00 00 00 00 00

2023年12月06日 16:01:03 90 25 5A 00 EB 04 2D 00 00 00 00 00 00 00 00 00 00 00 00 00 00 00 00 00 00 00 00 00 00 00 94 90 55 00 00 00 00 00 00

2023年12月06日 16:01:04 90 25 5A 00 EB 04 2D 00 00 00 00 00 00 00 00 00 00 00 00 00 00 00 00 00 00 00 00 00 00 00 94 90 55 00 00 00 00 00 00

2023年12月06日 16:01:05 90 25 5A 00 EB 04 2D 00 00 00 00 00 00 00 00 00 00 00 00 00 00 00 00 00 00 00 00 00 00 00 94 90 55 00 00 00 00 00 00

2023年12月06日 16:01:06 90 25 5A 00 EB 04 2D 00 00 00 00 00 00 00 00 00 00 00 00 00 00 00 00 00 00 00 00 00 00 00 94 90 55 00 00 00 00 00 00

2023年12月06日 16:01:07 90 25 5A 00 EB 04 2D 00 00 00 00 00 00 00 00 00 00 00 00 00 00 00 00 00 00 00 00 00 00 00 94 90 55 00 00 00 00 00 00