

2023年12月14日 13:34:29

2023年12月14日 13:34:30
FPGA:   指令监测   EB 90 04 55 00 00 00 02 00 00 00 00 00 00 00

2023年12月14日 13:34:31 EB
FPGA:   指令监测   EB 90 04 55 00 00 00 02 00 00 00 00 00 00 00
FPGA:   指令监测   EB 90 04 55 00 00 00 02 00 00 00 00 00 00 00

2023年12月14日 13:34:32
FPGA:   指令监测   EB 90 04 55 00 00 00 02 00 00 00 00 00 00 00

2023年12月14日 13:34:33
FPGA:   指令监测   EB 90 04 55 00 00 00 02 00 00 00 00 00 00 00

2023年12月14日 13:34:34
FPGA:   指令监测   EB 90 04 55 00 00 00 02 00 00 00 00 00 00 00

2023年12月14日 13:34:35
FPGA:   指令监测   EB 90 04 55 00 00 00 02 00 00 00 00 00 00 00

2023年12月14日 13:34:36
FPGA:   指令监测   EB 90 04 55 00 00 00 02 00 00 00 00 00 00 00

2023年12月14日 13:34:37
FPGA:   指令监测   EB 90 04 55 00 00 00 02 00 00 00 00 00 00 00

2023年12月14日 13:34:38
FPGA:   指令监测   EB 90 04 55 00 00 00 02 00 00 00 00 00 00 00

2023年12月14日 13:34:39
FPGA:   指令监测   EB 90 04 55 00 00 00 02 00 00 00 00 00 00 00

2023年12月14日 13:34:40
FPGA:   指令监测   EB 90 04 55 00 00 00 02 00 00 00 00 00 00 00

2023年12月14日 13:34:41
FPGA:   指令监测   EB 90 04 55 00 00 00 02 00 00 00 00 00 00 00

2023年12月14日 13:34:42
FPGA:   指令监测   EB 90 04 55 00 00 00 02 00 00 00 00 00 00 00

2023年12月14日 13:34:43
FPGA:   指令监测   EB 90 04 55 00 00 00 02 00 00 00 00 00 00 00

2023年12月14日 13:34:44
FPGA:   指令监测   EB 90 04 55 00 00 00 02 00 00 00 00 00 00 00

2023年12月14日 13:34:45
FPGA:   指令监测   EB 90 04 55 00 00 00 02 00 00 00 00 00 00 00

2023年12月14日 13:34:46
FPGA:   指令监测   EB 90 04 55 00 00 00 02 00 00 00 00 00 00 00

2023年12月14日 13:34:47
FPGA:   指令监测   EB 90 04 55 00 00 00 02 00 00 00 00 00 00 00

2023年12月14日 13:34:48
FPGA:   指令监测   EB 90 04 55 00 00 00 02 00 00 00 00 00 00 00

2023年12月14日 13:34:49
FPGA:   指令监测   EB 90 04 55 00 00 00 02 00 00 00 00 00 00 00

2023年12月14日 13:34:50
FPGA:   指令监测   EB 90 04 55 00 00 00 02 00 00 00 00 00 00 00

2023年12月14日 13:34:51
FPGA:   指令监测   EB 90 04 55 00 00 00 02 00 00 00 00 00 00 00

2023年12月14日 13:34:52
FPGA:   指令监测   EB 90 04 55 00 00 00 02 00 00 00 00 00 00 00

2023年12月14日 13:34:53
FPGA:   指令监测   EB 90 04 55 00 00 00 02 00 00 00 00 00 00 00

2023年12月14日 13:34:54
FPGA:   指令监测   EB 90 04 55 00 00 00 02 00 00 00 00 00 00 00

2023年12月14日 13:34:55
FPGA:   指令监测   EB 90 04 55 00 00 00 02 00 00 00 00 00 00 00

2023年12月14日 13:34:56
FPGA:   指令监测   EB 90 04 55 00 00 00 02 00 00 00 00 00 00 00

2023年12月14日 13:34:57
FPGA:   指令监测   EB 90 04 55 00 00 00 02 00 00 00 00 00 00 00

2023年12月14日 13:34:58
FPGA:   指令监测   EB 90 04 55 00 00 00 02 00 00 00 00 00 00 00

2023年12月14日 13:34:59
FPGA:   指令监测   EB 90 04 55 00 00 00 02 00 00 00 00 00 00 00

2023年12月14日 13:35:00
FPGA:   指令监测   EB 90 04 55 00 00 00 02 00 00 00 00 00 00 00

2023年12月14日 13:35:01
FPGA:   指令监测   EB 90 04 55 00 00 00 02 00 00 00 00 00 00 00

2023年12月14日 13:35:02
FPGA:   指令监测   EB 90 04 55 00 00 00 02 00 00 00 00 00 00 00

2023年12月14日 13:35:03
FPGA:   指令监测   EB 90 04 55 00 00 00 02 00 00 00 00 00 00 00

2023年12月14日 13:35:04
FPGA:   指令监测   EB 90 04 55 00 00 00 02 00 00 00 00 00 00 00

2023年12月14日 13:35:05
FPGA:   指令监测   EB 90 04 55 00 00 00 02 00 00 00 00 00 00 00

2023年12月14日 13:35:06
FPGA:   指令监测   EB 90 04 55 00 00 00 02 00 00 00 00 00 00 00

2023年12月14日 13:35:07
FPGA:   指令监测   EB 90 04 55 00 00 00 02 00 00 00 00 00 00 00

2023年12月14日 13:35:08
FPGA:   指令监测   EB 90 04 55 00 00 00 02 00 00 00 00 00 00 00

2023年12月14日 13:35:09
FPGA:   指令监测   EB 90 04 55 00 00 00 02 00 00 00 00 00 00 00

2023年12月14日 13:35:10
FPGA:   指令监测   EB 90 04 55 00 00 00 02 00 00 00 00 00 00 00

2023年12月14日 13:35:11
FPGA:   指令监测   EB 90 04 55 00 00 00 02 00 00 00 00 00 00 00

2023年12月14日 13:35:12
FPGA:   指令监测   EB 90 04 55 00 00 00 02 00 00 00 00 00 00 00

2023年12月14日 13:35:13
FPGA:   指令监测   EB 90 04 55 00 00 00 02 00 00 00 00 00 00 00

2023年12月14日 13:35:14
FPGA:   指令监测   EB 90 04 55 00 00 00 02 00 00 00 00 00 00 00

2023年12月14日 13:35:15
FPGA:   指令监测   EB 90 04 55 00 00 00 02 00 00 00 00 00 00 00

2023年12月14日 13:35:16
FPGA:   指令监测   EB 90 04 55 00 00 00 02 00 00 00 00 00 00 00

2023年12月14日 13:35:17
FPGA:   指令监测   EB 90 04 55 00 00 00 02 00 00 00 00 00 00 00

2023年12月14日 13:35:18
FPGA:   指令监测   EB 90 04 55 00 00 00 02 00 00 00 00 00 00 00

2023年12月14日 13:35:19
FPGA:   指令监测   EB 90 04 55 00 00 00 02 00 00 00 00 00 00 00

2023年12月14日 13:35:20
FPGA:   指令监测   EB 90 04 55 00 00 00 02 00 00 00 00 00 00 00

2023年12月14日 13:35:21
FPGA:   指令监测   EB 90 04 55 00 00 00 02 00 00 00 00 00 00 00

2023年12月14日 13:35:22
FPGA:   指令监测   EB 90 04 55 00 00 00 02 00 00 00 00 00 00 00

2023年12月14日 13:35:23
FPGA:   指令监测   EB 90 04 55 00 00 00 02 00 00 00 00 00 00 00

2023年12月14日 13:35:24
FPGA:   指令监测   EB 90 04 55 00 00 00 02 00 00 00 00 00 00 00

2023年12月14日 13:35:25
FPGA:   指令监测   EB 90 04 55 00 00 00 02 00 00 00 00 00 00 00

2023年12月14日 13:35:26
FPGA:   指令监测   EB 90 04 55 00 00 00 02 00 00 00 00 00 00 00

2023年12月14日 13:35:27
FPGA:   指令监测   EB 90 04 55 00 00 00 02 00 00 00 00 00 00 00

2023年12月14日 13:35:28
FPGA:   指令监测   EB 90 04 55 00 00 00 02 00 00 00 00 00 00 00

2023年12月14日 13:35:29
FPGA:   指令监测   EB 90 04 55 00 00 00 02 00 00 00 00 00 00 00

2023年12月14日 13:35:30
FPGA:   指令监测   EB 90 04 55 00 00 00 02 00 00 00 00 00 00 00

2023年12月14日 13:35:31
FPGA:   指令监测   EB 90 04 55 00 00 00 02 00 00 00 00 00 00 00

2023年12月14日 13:35:32
FPGA:   指令监测   EB 90 04 55 00 00 00 02 00 00 00 00 00 00 00

2023年12月14日 13:35:33
FPGA:   指令监测   EB 90 04 55 00 00 00 02 00 00 00 00 00 00 00

2023年12月14日 13:35:34
FPGA:   指令监测   EB 90 04 55 00 00 00 02 00 00 00 00 00 00 00

2023年12月14日 13:35:35
FPGA:   指令监测   EB 90 04 55 00 00 00 02 00 00 00 00 00 00 00

2023年12月14日 13:35:36
FPGA:   指令监测   EB 90 04 55 00 00 00 02 00 00 00 00 00 00 00

2023年12月14日 13:35:37
FPGA:   指令监测   EB 90 04 55 00 00 00 02 00 00 00 00 00 00 00

2023年12月14日 13:35:38
FPGA:   指令监测   EB 90 04 55 00 00 00 02 00 00 00 00 00 00 00

2023年12月14日 13:35:39
FPGA:   指令监测   EB 90 04 55 00 00 00 02 00 00 00 00 00 00 00

2023年12月14日 13:35:40
FPGA:   指令监测   EB 90 04 55 00 00 00 02 00 00 00 00 00 00 00

2023年12月14日 13:35:41
FPGA:   指令监测   EB 90 04 55 00 00 00 02 00 00 00 00 00 00 00

2023年12月14日 13:35:42
FPGA:   指令监测   EB 90 04 55 00 00 00 02 00 00 00 00 00 00 00

2023年12月14日 13:35:43
FPGA:   指令监测   EB 90 04 55 00 00 00 02 00 00 00 00 00 00 00

2023年12月14日 13:35:44
FPGA:   指令监测   EB 90 04 55 00 00 00 02 00 00 00 00 00 00 00

2023年12月14日 13:35:45
FPGA:   指令监测   EB 90 04 55 00 00 00 02 00 00 00 00 00 00 00

2023年12月14日 13:35:46
FPGA:   指令监测   EB 90 04 55 00 00 00 02 00 00 00 00 00 00 00

2023年12月14日 13:35:47
FPGA:   指令监测   EB 90 04 55 00 00 00 02 00 00 00 00 00 00 00

2023年12月14日 13:35:48
FPGA:   指令监测   EB 90 04 55 00 00 00 02 00 00 00 00 00 00 00

2023年12月14日 13:35:49
FPGA:   指令监测   EB 90 04 55 00 00 00 02 00 00 00 00 00 00 00

2023年12月14日 13:35:50
FPGA:   指令监测   EB 90 04 55 00 00 00 02 00 00 00 00 00 00 00

2023年12月14日 13:35:51
FPGA:   指令监测   EB 90 04 55 00 00 00 02 00 00 00 00 00 00 00

2023年12月14日 13:35:52
FPGA:   指令监测   EB 90 04 55 00 00 00 02 00 00 00 00 00 00 00

2023年12月14日 13:35:53
FPGA:   指令监测   EB 90 04 55 00 00 00 02 00 00 00 00 00 00 00

2023年12月14日 13:35:54
FPGA:   指令监测   EB 90 04 55 00 00 00 02 00 00 00 00 00 00 00

2023年12月14日 13:35:55
FPGA:   指令监测   EB 90 04 55 00 00 00 02 00 00 00 00 00 00 00

2023年12月14日 13:35:56
FPGA:   指令监测   EB 90 04 55 00 00 00 02 00 00 00 00 00 00 00