

2023年12月06日 19:23:36

2023年12月06日 19:23:37
FPGA:   指令监测   EB 90 04 55 00 00 00 00 00 00 00 00 00 00 00

2023年12月06日 19:23:38
FPGA:   指令监测   EB 90 04 55 00 00 00 00 00 80 00 00 00 00 00
FPGA:   指令监测   EB 90 04 55 00 00 00 00 00 00 00 00 00 00 00

2023年12月06日 19:23:39
FPGA:   指令监测   EB 90 04 55 00 00 00 00 00 00 00 00 00 00 00

2023年12月06日 19:23:40
FPGA:   指令监测   EB 90 04 55 00 00 00 00 00 00 00 00 00 00 00

2023年12月06日 19:23:41
FPGA:   指令监测   EB 90 04 55 00 00 00 00 00 00 00 00 00 00 00

2023年12月06日 19:23:42
FPGA:   指令监测   EB 90 04 55 00 00 00 00 00 00 00 00 00 00 00

2023年12月06日 19:23:43
FPGA:   指令监测   EB 90 04 55 00 00 00 00 00 00 00 00 00 00 00

2023年12月06日 19:23:44
FPGA:   指令监测   EB 90 04 55 00 00 00 00 00 00 00 00 00 00 00

2023年12月06日 19:23:45
FPGA:   指令监测   EB 90 04 55 00 00 00 00 00 00 00 00 00 00 00

2023年12月06日 19:23:46
FPGA:   指令监测   EB 90 04 55 00 00 00 00 00 40 00 00 00 00 00

2023年12月06日 19:23:47
FPGA:   指令监测   EB 90 04 55 00 00 00 00 00 00 00 00 00 00 00

2023年12月06日 19:23:48
FPGA:   指令监测   EB 90 04 55 00 00 00 00 00 00 00 00 00 00 00

2023年12月06日 19:23:49
FPGA:   指令监测   EB 90 04 55 00 00 00 00 00 00 00 00 00 00 00

2023年12月06日 19:23:50
FPGA:   指令监测   EB 90 04 55 00 00 00 00 00 00 00 00 00 00 00

2023年12月06日 19:23:51
FPGA:   指令监测   EB 90 04 55 00 00 00 00 00 00 00 00 00 00 00

2023年12月06日 19:23:52
FPGA:   指令监测   EB 90 04 55 00 00 00 00 00 00 00 00 00 00 00

2023年12月06日 19:23:53
FPGA:   指令监测   EB 90 04 55 00 00 00 00 00 00 00 00 00 00 00

2023年12月06日 19:23:54
FPGA:   指令监测   EB 90 04 55 00 00 00 00 00 00 00 00 00 00 00

2023年12月06日 19:23:55

2023年12月06日 19:23:56

2023年12月06日 19:23:57

2023年12月06日 19:23:58

2023年12月06日 19:23:59

2023年12月06日 19:24:00

2023年12月06日 19:24:01

2023年12月06日 19:24:02

2023年12月06日 19:24:03

2023年12月06日 19:24:04

2023年12月06日 19:24:05

2023年12月06日 19:24:06
FPGA:   指令监测   EB 90 04 55 00 00 00 00 00 00 00 00 00 00 00

2023年12月06日 19:24:07
FPGA:   指令监测   EB 90 04 55 00 00 00 00 00 00 00 00 00 00 00

2023年12月06日 19:24:08
FPGA:   指令监测   EB 90 04 55 00 00 00 00 00 00 00 00 00 00 00