

2023年12月14日 13:33:16

2023年12月14日 13:33:17
FPGA:   指令监测   EB 90 04 55 00 00 00 01 00 00 00 00 00 00 00

2023年12月14日 13:33:18
FPGA:   指令监测   EB 90 04 55 00 00 00 01 00 00 00 00 00 00 00
FPGA:   指令监测   EB 90 04 55 00 00 00 01 00 00 00 00 00 00 00

2023年12月14日 13:33:19
FPGA:   指令监测   EB 90 04 55 00 00 00 01 00 00 00 00 00 00 00

2023年12月14日 13:33:20
FPGA:   指令监测   EB 90 04 55 00 00 00 01 00 00 00 00 00 00 00

2023年12月14日 13:33:21
FPGA:   指令监测   EB 90 04 55 00 00 00 01 00 00 00 00 00 00 00

2023年12月14日 13:33:22
FPGA:   指令监测   EB 90 04 55 00 00 00 01 00 00 00 00 00 00 00

2023年12月14日 13:33:23
FPGA:   指令监测   EB 90 04 55 00 00 00 01 00 00 00 00 00 00 00

2023年12月14日 13:33:24
FPGA:   指令监测   EB 90 04 55 00 00 00 01 00 00 00 00 00 00 00

2023年12月14日 13:33:25
FPGA:   指令监测   EB 90 04 55 00 00 00 01 00 00 00 00 00 00 00

2023年12月14日 13:33:26
FPGA:   指令监测   EB 90 04 55 00 00 00 01 00 00 00 00 00 00 00

2023年12月14日 13:33:27
FPGA:   指令监测   EB 90 04 55 00 00 00 01 00 00 00 00 00 00 00

2023年12月14日 13:33:28
FPGA:   指令监测   EB 90 04 55 00 00 00 01 00 00 00 00 00 00 00

2023年12月14日 13:33:29
FPGA:   指令监测   EB 90 04 55 00 00 00 01 00 00 00 00 00 00 00

2023年12月14日 13:33:30
FPGA:   指令监测   EB 90 04 55 00 00 00 01 00 00 00 00 00 00 00

2023年12月14日 13:33:32