

2023年12月06日 19:19:37

2023年12月06日 19:19:38

2023年12月06日 19:19:39

2023年12月06日 19:19:40

2023年12月06日 19:19:41

2023年12月06日 19:19:42

2023年12月06日 19:19:43
FPGA:   指令监测   EB 90 04 55 00 00 00 00 00 00 00 00 00 00 00

2023年12月06日 19:19:44
FPGA:   指令监测   EB 90 04 55 00 00 00 00 00 00 00 00 00 00 00

2023年12月06日 19:19:45
FPGA:   指令监测   EB 90 04 55 00 00 00 00 00 00 00 00 00 00 00

2023年12月06日 19:19:46
FPGA:   指令监测   EB 90 04 55 00 00 00 00 00 00 00 00 00 00 00

2023年12月06日 19:19:47
FPGA:   指令监测   EB 90 04 55 00 00 00 00 00 00 00 00 00 00 00

2023年12月06日 19:19:48
FPGA:   指令监测   EB 90 04 55 00 00 00 00 00 00 00 00 00 00 00

2023年12月06日 19:19:49
FPGA:   指令监测   EB 90 04 55 00 00 00 00 00 00 00 00 00 00 00

2023年12月06日 19:19:50
FPGA:   指令监测   EB 90 04 55 00 00 00 00 00 00 00 00 00 00 00

2023年12月06日 19:19:51

2023年12月06日 19:19:52

2023年12月06日 19:19:53

2023年12月06日 19:19:54

2023年12月06日 19:19:55

2023年12月06日 19:19:56

2023年12月06日 19:19:57
FPGA:   指令监测   EB 90 04 55 00 00 00 00 00 00 00 00 00 00 00

2023年12月06日 19:19:58
FPGA:   指令监测   EB 90 04 55 00 00 00 00 00 00 00 00 00 00 00

2023年12月06日 19:19:59
FPGA:   指令监测   EB 90 04 55 00 00 00 00 00 00 00 00 00 00 00

2023年12月06日 19:20:00
FPGA:   指令监测   EB 90 04 55 00 00 00 00 00 00 00 00 00 00 00

2023年12月06日 19:20:01
FPGA:   指令监测   EB 90 04 55 00 00 00 00 00 00 00 00 00 00 00

2023年12月06日 19:20:02
FPGA:   指令监测   EB 90 04 55 00 00 00 00 00 00 00 00 00 00 00

2023年12月06日 19:20:03
FPGA:   指令监测   EB 90 04 55 00 00 00 00 00 00 00 00 00 00 00

2023年12月06日 19:20:04
FPGA:   指令监测   EB 90 04 55 00 00 00 00 00 00 00 00 00 00 00

2023年12月06日 19:20:05
FPGA:   指令监测   EB 90 04 55 00 00 00 00 00 00 00 00 00 00 00

2023年12月06日 19:20:06
FPGA:   指令监测   EB 90 04 55 00 00 00 00 00 00 00 00 00 00 00

2023年12月06日 19:20:07
FPGA:   指令监测   EB 90 04 55 00 00 00 00 00 00 00 00 00 00 00

2023年12月06日 19:20:08
FPGA:   指令监测   EB 90 04 55 00 00 00 00 00 00 00 00 00 00 00

2023年12月06日 19:20:09
FPGA:   指令监测   EB 90 04 55 00 00 00 00 00 00 00 00 00 00 00

2023年12月06日 19:20:10
FPGA:   指令监测   EB 90 04 55 00 00 00 00 00 00 00 00 00 00 00

2023年12月06日 19:20:11
FPGA:   指令监测   EB 90 04 55 00 00 00 00 00 00 00 00 00 00 00

2023年12月06日 19:20:12
FPGA:   指令监测   EB 90 04 55 00 00 00 00 00 00 00 00 00 00 00

2023年12月06日 19:20:13
FPGA:   指令监测   EB 90 04 55 00 00 00 00 00 00 00 00 00 00 00

2023年12月06日 19:20:14
FPGA:   指令监测   EB 90 04 55 00 00 00 00 00 00 00 00 00 00 00

2023年12月06日 19:20:15
FPGA:   指令监测   EB 90 04 55 00 00 00 00 00 00 00 00 00 00 00

2023年12月06日 19:20:16
FPGA:   指令监测   EB 90 04 55 00 00 00 00 00 00 00 00 00 00 00

2023年12月06日 19:20:17
FPGA:   指令监测   EB 90 04 55 00 00 00 00 00 00 00 00 00 00 00

2023年12月06日 19:20:18
FPGA:   指令监测   EB 90 04 55 00 00 00 00 00 00 00 00 00 00 00

2023年12月06日 19:20:19
FPGA:   指令监测   EB 90 04 55 00 00 00 00 00 00 00 00 00 00 00

2023年12月06日 19:20:20
FPGA:   指令监测   EB 90 04 55 00 00 00 00 00 00 00 00 00 00 00

2023年12月06日 19:20:21
FPGA:   指令监测   EB 90 04 55 00 00 00 00 00 00 00 00 00 00 00

2023年12月06日 19:20:22
FPGA:   指令监测   EB 90 04 55 00 00 00 00 00 00 00 00 00 00 00

2023年12月06日 19:20:23
FPGA:   指令监测   EB 90 04 55 00 00 00 00 00 00 00 00 00 00 00

2023年12月06日 19:20:24
FPGA:   指令监测   EB 90 04 55 00 00 00 00 00 00 00 00 00 00 00

2023年12月06日 19:20:25
FPGA:   指令监测   EB 90 04 55 00 00 00 00 00 00 00 00 00 00 00

2023年12月06日 19:20:26
FPGA:   指令监测   EB 90 04 55 00 00 00 00 00 00 00 00 00 00 00

2023年12月06日 19:20:27
FPGA:   指令监测   EB 90 04 55 00 00 00 00 00 00 00 00 00 00 00

2023年12月06日 19:20:28
FPGA:   指令监测   EB 90 04 55 00 00 00 00 00 00 00 00 04 00 00

2023年12月06日 19:20:29

2023年12月06日 19:20:30

2023年12月06日 19:20:31