

2023年12月14日 13:11:53

2023年12月14日 13:11:54
FPGA:   指令监测   EB 90 04 55 00 00 00 00 00 00 00 00 00 00 00

2023年12月14日 13:11:55
FPGA:   指令监测   EB 90 04 55 00 00 00 00 00 00 00 00 00 00 00

2023年12月14日 13:11:56
FPGA:   指令监测   EB 90 04 55 00 00 00 00 00 00 00 00 00 00 00

2023年12月14日 13:11:57
FPGA:   指令监测   EB 90 04 55 00 00 00 00 00 00 00 00 00 00 00

2023年12月14日 13:11:58
FPGA:   指令监测   EB 90 04 55 00 00 00 00 00 00 00 00 00 00 00

2023年12月14日 13:11:59
FPGA:   指令监测   EB 90 04 55 00 00 00 00 00 00 00 00 00 00 00

2023年12月14日 13:12:00
FPGA:   指令监测   EB 90 04 55 00 00 00 00 00 00 00 00 00 00 00

2023年12月14日 13:12:01
FPGA:   指令监测   EB 90 04 55 00 00 00 00 00 00 00 00 00 00 00

2023年12月14日 13:12:02
FPGA:   指令监测   EB 90 04 55 00 00 00 00 00 00 00 00 00 00 00

2023年12月14日 13:12:03
FPGA:   指令监测   EB 90 04 55 00 00 00 00 00 00 00 00 00 00 00

2023年12月14日 13:12:04
FPGA:   指令监测   EB 90 04 55 00 00 00 00 00 00 00 00 00 00 00

2023年12月14日 13:12:05
FPGA:   指令监测   EB 90 04 55 00 00 00 00 00 00 00 00 00 00 00

2023年12月14日 13:12:06
CMP:   状态轮询   EB 90 04 25 01 5A 5A 00 DE 1F FF
CMP:   平台信息   EB 90 04 63 2D 00 00 00 00 00 00 00 00 00 00 00 00 00 00 00 00 00 00 00 00 00 00 00 00 00 00 00 00 00 00 00 00 00 00 00 00 00 00 00 00 00 00 00 00 00 00 00 94
CMP:   错误应答   EB 90 04 FF
FPGA:   指令监测   EB 90 04 55 01 01 00 01 00 00 00 00 00 00 00

2023年12月14日 13:12:07
CMP:   状态轮询   EB 90 04 25 01 5A 5A 00 DE DC
CMP:   平台信息   EB 90 04 63 2D 00 00 00 00 00 00 00 00 00 00 00 00 00 00 00 00 00 00 00 00 00 00 00 00 00 00 00 00 00 00 00 00 00 00 00 00 00 00 00 00 00 00 00 00 00 00 00 94
CMP:   错误应答   EB 90 04 FF
FPGA:   指令监测   EB 90 04 55 01 02 00 01 00 00 00 00 00 00 00

2023年12月14日 13:12:08
CMP:   状态轮询   EB 90 04 25 01 5A 5A 00 DE DC
CMP:   平台信息   EB 90 04 63 2D 00 00 00 00 00 00 00 00 00 00 00 00 00 00 00 00 00 00 00 00 00 00 00 00 00 00 00 00 00 00 00 00 00 00 00 00 00 00 00 00 00 00 00 00 00 00 00 94
CMP:   错误应答   EB 90 04 FF
FPGA:   指令监测   EB 90 04 55 01 03 00 01 00 00 00 00 00 00 00

2023年12月14日 13:12:09
CMP:   状态轮询   EB 90 04 25 01 5A 5A 00 DE DC
CMP:   平台信息   EB 90 04 63 2D 00 00 00 00 00 00 00 00 00 00 00 00 00 00 00 00 00 00 00 00 00 00 00 00 00 00 00 00 00 00 00 00 00 00 00 00 00 00 00 00 00 00 00 00 00 00 00 94
CMP:   错误应答   EB 90 04 FF
FPGA:   指令监测   EB 90 04 55 01 04 00 01 00 00 00 00 00 00 00

2023年12月14日 13:12:10
CMP:   状态轮询   EB 90 04 25 01 5A 5A 00 DE DC
CMP:   平台信息   EB 90 04 63 2D 00 00 00 00 00 00 00 00 00 00 00 00 00 00 00 00 00 00 00 00 00 00 00 00 00 00 00 00 00 00 00 00 00 00 00 00 00 00 00 00 00 00 00 00 00 00 00 94
CMP:   错误应答   EB 90 04 FF
FPGA:   指令监测   EB 90 04 55 01 05 00 01 00 00 00 00 00 00 00

2023年12月14日 13:12:11
CMP:   状态轮询   EB 90 04 25 01 5A 5A 00 DE DC
CMP:   平台信息   EB 90 04 63 2D 00 00 00 00 00 00 00 00 00 00 00 00 00 00 00 00 00 00 00 00 00 00 00 00 00 00 00 00 00 00 00 00 00 00 00 00 00 00 00 00 00 00 00 00 00 00 00 94
CMP:   错误应答   EB 90 04 FF
FPGA:   指令监测   EB 90 04 55 01 06 00 01 00 00 00 00 00 00 00

2023年12月14日 13:12:12
CMP:   状态轮询   EB 90 04 25 01 5A 5A 00 DE DC
CMP:   平台信息   EB 90 04 63 2D 00 00 00 00 00 00 00 00 00 00 00 00 00 00 00 00 00 00 00 00 00 00 00 00 00 00 00 00 00 00 00 00 00 00 00 00 00 00 00 00 00 00 00 00 00 00 00 94
CMP:   错误应答   EB 90 04 FF
FPGA:   指令监测   EB 90 04 55 01 07 00 01 00 00 00 00 00 00 00

2023年12月14日 13:12:13
CMP:   状态轮询   EB 90 04 25 01 5A 5A 00 DE DC
CMP:   平台信息   EB 90 04 63 2D 00 00 00 00 00 00 00 00 00 00 00 00 00 00 00 00 00 00 00 00 00 00 00 00 00 00 00 00 00 00 00 00 00 00 00 00 00 00 00 00 00 00 00 00 00 00 00 94
CMP:   错误应答   EB 90 04 FF
FPGA:   指令监测   EB 90 04 55 01 08 00 01 00 00 00 00 00 00 00

2023年12月14日 13:12:14
CMP:   状态轮询   EB 90 04 25 01 5A 5A 00 DE DC
CMP:   平台信息   EB 90 04 63 2D 00 00 00 00 00 00 00 00 00 00 00 00 00 00 00 00 00 00 00 00 00 00 00 00 00 00 00 00 00 00 00 00 00 00 00 00 00 00 00 00 00 00 00 00 00 00 00 94
CMP:   错误应答   EB 90 04 FF
FPGA:   指令监测   EB 90 04 55 01 09 00 01 00 00 00 00 00 00 00

2023年12月14日 13:12:15
CMP:   状态轮询   EB 90 04 25 01 5A 5A 00 DE DC
CMP:   平台信息   EB 90 04 63 2D 00 00 00 00 00 00 00 00 00 00 00 00 00 00 00 00 00 00 00 00 00 00 00 00 00 00 00 00 00 00 00 00 00 00 00 00 00 00 00 00 00 00 00 00 00 00 00 94
CMP:   错误应答   EB 90 04 FF
FPGA:   指令监测   EB 90 04 55 01 0A 00 01 00 00 00 00 00 00 00

2023年12月14日 13:12:16
CMP:   状态轮询   EB 90 04 25 01 5A 5A 00 DE DC
CMP:   平台信息   EB 90 04 63 2D 00 00 00 00 00 00 00 00 00 00 00 00 00 00 00 00 00 00 00 00 00 00 00 00 00 00 00 00 00 00 00 00 00 00 00 00 00 00 00 00 00 00 00 00 00 00 00 94
CMP:   错误应答   EB 90 04 FF
FPGA:   指令监测   EB 90 04 55 01 0B 00 01 00 00 00 00 00 00 00

2023年12月14日 13:12:17
CMP:   状态轮询   EB 90 04 25 01 5A 5A 00 DE DC
CMP:   平台信息   EB 90 04 63 2D 00 00 00 00 00 00 00 00 00 00 00 00 00 00 00 00 00 00 00 00 00 00 00 00 00 00 00 00 00 00 00 00 00 00 00 00 00 00 00 00 00 00 00 00 00 00 00 94
CMP:   错误应答   EB 90 04 FF
FPGA:   指令监测   EB 90 04 55 01 0C 00 01 00 00 00 00 00 00 00

2023年12月14日 13:12:18
CMP:   状态轮询   EB 90 04 25 01 5A 5A 00 DE DC
CMP:   平台信息   EB 90 04 63 2D 00 00 00 00 00 00 00 00 00 00 00 00 00 00 00 00 00 00 00 00 00 00 00 00 00 00 00 00 00 00 00 00 00 00 00 00 00 00 00 00 00 00 00 00 00 00 00 94
CMP:   错误应答   EB 90 04 FF
FPGA:   指令监测   EB 90 04 55 01 0D 00 01 00 00 00 00 00 00 00

2023年12月14日 13:12:19
CMP:   状态轮询   EB 90 04 25 01 5A 5A 00 DE DC
CMP:   平台信息   EB 90 04 63 2D 00 00 00 00 00 00 00 00 00 00 00 00 00 00 00 00 00 00 00 00 00 00 00 00 00 00 00 00 00 00 00 00 00 00 00 00 00 00 00 00 00 00 00 00 00 00 00 94
CMP:   错误应答   EB 90 04 FF
FPGA:   指令监测   EB 90 04 55 01 0E 00 01 00 00 00 00 00 00 00

2023年12月14日 13:12:20
CMP:   状态轮询   EB 90 04 25 01 5A 5A 00 DE DC
CMP:   平台信息   EB 90 04 63 2D 00 00 00 00 00 00 00 00 00 00 00 00 00 00 00 00 00 00 00 00 00 00 00 00 00 00 00 00 00 00 00 00 00 00 00 00 00 00 00 00 00 00 00 00 00 00 00 94
CMP:   错误应答   EB 90 04 FF
FPGA:   指令监测   EB 90 04 55 01 0F 00 01 00 00 00 00 00 00 00

2023年12月14日 13:12:21
CMP:   状态轮询   EB 90 04 25 01 5A 5A 00 DE DC
CMP:   平台信息   EB 90 04 63 2D 00 00 00 00 00 00 00 00 00 00 00 00 00 00 00 00 00 00 00 00 00 00 00 00 00 00 00 00 00 00 00 00 00 00 00 00 00 00 00 00 00 00 00 00 00 00 00 94
CMP:   错误应答   EB 90 04 FF
FPGA:   指令监测   EB 90 04 55 01 10 00 01 00 00 00 00 00 00 00

2023年12月14日 13:12:22
CMP:   状态轮询   EB 90 04 25 01 5A 5A 00 DE DC
CMP:   平台信息   EB 90 04 63 2D 00 00 00 00 00 00 00 00 00 00 00 00 00 00 00 00 00 00 00 00 00 00 00 00 00 00 00 00 00 00 00 00 00 00 00 00 00 00 00 00 00 00 00 00 00 00 00 94
CMP:   错误应答   EB 90 04 FF
FPGA:   指令监测   EB 90 04 55 01 11 00 01 00 00 00 00 00 00 00

2023年12月14日 13:12:23
CMP:   状态轮询   EB 90 04 25 01 5A 5A 00 DE DC
CMP:   平台信息   EB 90 04 63 2D 00 00 00 00 00 00 00 00 00 00 00 00 00 00 00 00 00 00 00 00 00 00 00 00 00 00 00 00 00 00 00 00 00 00 00 00 00 00 00 00 00 00 00 00 00 00 00 94
CMP:   错误应答   EB 90 04 FF
FPGA:   指令监测   EB 90 04 55 01 12 00 01 00 00 00 00 00 00 00

2023年12月14日 13:12:24
CMP:   状态轮询   EB 90 04 25 01 5A 5A 00 DE DC
CMP:   平台信息   EB 90 04 63 2D 00 00 00 00 00 00 00 00 00 00 00 00 00 00 00 00 00 00 00 00 00 00 00 00 00 00 00 00 00 00 00 00 00 00 00 00 00 00 00 00 00 00 00 00 00 00 00 94
CMP:   错误应答   EB 90 04 FF
FPGA:   指令监测   EB 90 04 55 01 13 00 01 00 00 00 00 00 00 00

2023年12月14日 13:12:25
CMP:   状态轮询   EB 90 04 25 01 5A 5A 00 DE DC
CMP:   平台信息   EB 90 04 63 2D 00 00 00 00 00 00 00 00 00 00 00 00 00 00 00 00 00 00 00 00 00 00 00 00 00 00 00 00 00 00 00 00 00 00 00 00 00 00 00 00 00 00 00 00 00 00 00 94
CMP:   错误应答   EB 90 04 FF
FPGA:   指令监测   EB 90 04 55 01 14 00 01 00 00 00 00 00 00 00

2023年12月14日 13:12:26
CMP:   状态轮询   EB 90 04 25 01 5A 5A 00 DE DC
CMP:   平台信息   EB 90 04 63 2D 00 00 00 00 00 00 00 00 00 00 00 00 00 00 00 00 00 00 00 00 00 00 00 00 00 00 00 00 00 00 00 00 00 00 00 00 00 00 00 00 00 00 00 00 00 00 00 94
CMP:   错误应答   EB 90 04 FF
FPGA:   指令监测   EB 90 04 55 01 15 00 01 00 00 00 00 00 00 00

2023年12月14日 13:12:27
CMP:   状态轮询   EB 90 04 25 01 5A 5A 00 DE DC
CMP:   平台信息   EB 90 04 63 2D 00 00 00 00 00 00 00 00 00 00 00 00 00 00 00 00 00 00 00 00 00 00 00 00 00 00 00 00 00 00 00 00 00 00 00 00 00 00 00 00 00 00 00 00 00 00 00 94
CMP:   错误应答   EB 90 04 FF
FPGA:   指令监测   EB 90 04 55 01 16 00 01 00 00 00 00 00 00 00

2023年12月14日 13:12:28
CMP:   状态轮询   EB 90 04 25 01 5A 5A 00 DE DC
CMP:   平台信息   EB 90 04 63 2D 00 00 00 00 00 00 00 00 00 00 00 00 00 00 00 00 00 00 00 00 00 00 00 00 00 00 00 00 00 00 00 00 00 00 00 00 00 00 00 00 00 00 00 00 00 00 00 94
CMP:   错误应答   EB 90 04 FF
FPGA:   指令监测   EB 90 04 55 01 17 00 01 00 00 00 00 00 00 00

2023年12月14日 13:12:29
CMP:   状态轮询   EB 90 04 25 01 5A 5A 00 DE DC
CMP:   平台信息   EB 90 04 63 2D 00 00 00 00 00 00 00 00 00 00 00 00 00 00 00 00 00 00 00 00 00 00 00 00 00 00 00 00 00 00 00 00 00 00 00 00 00 00 00 00 00 00 00 00 00 00 00 94
CMP:   错误应答   EB 90 04 FF
FPGA:   指令监测   EB 90 04 55 01 18 00 01 00 00 00 00 00 00 00

2023年12月14日 13:12:30
CMP:   状态轮询   EB 90 04 25 01 5A 5A 00 DE DC
CMP:   平台信息   EB 90 04 63 2D 00 00 00 00 00 00 00 00 00 00 00 00 00 00 00 00 00 00 00 00 00 00 00 00 00 00 00 00 00 00 00 00 00 00 00 00 00 00 00 00 00 00 00 00 00 00 00 94
CMP:   错误应答   EB 90 04 FF
FPGA:   指令监测   EB 90 04 55 01 19 00 01 00 00 00 00 00 00 00

2023年12月14日 13:12:31
CMP:   状态轮询   EB 90 04 25 01 5A 5A 00 DE DC
CMP:   平台信息   EB 90 04 63 2D 00 00 00 00 00 00 00 00 00 00 00 00 00 00 00 00 00 00 00 00 00 00 00 00 00 00 00 00 00 00 00 00 00 00 00 00 00 00 00 00 00 00 00 00 00 00 00 94
CMP:   错误应答   EB 90 04 FF
FPGA:   指令监测   EB 90 04 55 01 1A 00 01 00 00 00 00 00 00 00