

2023年12月06日 16:34:54

2023年12月06日 16:34:55 90 25 5A 00 EB 04 2D 00 00 00 00 00 00 00 00 00 00 00 00 00 00 00 00 00 00 00 00 00 00 00 94 90 25 5A 00 EB 04 2D 00 00 00 00 00 00 00 00 00 00 00 00 00 00 00 00 00 00 00 00 00 00 00 94 90 25 5A 00 EB 04 2D 00 00 00 00 00 00 00 00 00 00 00 00 00 00 00 00 00 00 00 00 00 00 00 94 90 25 5A 00 EB 04 2D 00 00 00 00 00 00 00 00 00 00 00 00 00 00 00 00 00 00 00 00 00 00 00 94 90 25 5A 00 EB 04 2D 00 00 00 00 00 00 00 00 00 00 00 00 00 00 00 00 00 00 00 00 00 00 00 94 90 25 5A 00 EB 04 2D 00 00 00 00 00 00 00 00 00 00 00 00 00 00 00 00 00 00 00 00 00 00 00 94 90 25 5A 00 EB 04 2D 00 00 00 00 00 00 00 00 00 00 00 00 00 00 00 00 00 00 00 00 00 00 00 94 90 25 5A 00 EB 04 2D 00 00 00 00 00 00 00 00 00 00 00 00 00 00 00 00 00 00 00 00 00 00 00 94 90 25 5A 00 EB 04 2D 00 00 00 00 00 00 00 00 00 00 00 00 00 00 00 00 00 00 00 00 00 00 00 94 90 25 5A 00 EB 04 2D 00 00 00 00 00 00 00 00 00 00 00 00 00 00 00 00 00 00 00 00 00 00 00 94 90 25 5A 00 EB 04 2D 00 00 00 00 00 00 00 00 00 00 00 00 00 00 00 00 00 00 00 00 00 00 00 94 90 25 5A 00 EB 04 2D 00 00 00 00 00 00 00 00 00 00 00 00 00 00 00 00 00 00 00 00 00 00 00 94 90 25 5A 00 EB 04 2D 00 00 00 00 00 00 00 00 00 00 00 00 00 00 00 00 00 00 00 00 00 00 00 94 90 25 5A 00 EB 04 2D 00 00 00 00 00 00 00 00 00 00 00 00 00 00 00 00 00 00 00 00 00 00 00 94 90 25 5A 00 EB 04 2D 00 00 00 00 00 00 00 00 00 00 00 00 00 00 00 00 00 00 00 00 00 00 00 94 90 55 00 00 00 00 00 00

2023年12月06日 16:34:56 90 25 5A 00 EB 04 2D 00 00 00 00 00 00 00 00 00 00 00 00 00 00 00 00 00 00 00 00 00 00 00 94 90 55 00 00 00 00 00 00

2023年12月06日 16:34:57 90 25 5A 00 EB 04 2D 00 00 00 00 00 00 00 00 00 00 00 00 00 00 00 00 00 00 00 00 00 00 00 94 90 55 00 00 00 00 00 00

2023年12月06日 16:34:58 90 25 5A 00 EB 04 2D 00 00 00 00 00 00 00 00 00 00 00 00 00 00 00 00 00 00 00 00 00 00 00 94 90 55 00 00 00 00 00 00

2023年12月06日 16:34:59 90 25 5A 00 EB 04 2D 00 00 00 00 00 00 00 00 00 00 00 00 00 00 00 00 00 00 00 00 00 00 00 94 90 55 00 00 00 00 00 00

2023年12月06日 16:35:00 90 25 5A 00 EB 04 2D 00 00 00 00 00 00 00 00 00 00 00 00 00 00 00 00 00 00 00 00 00 00 00 94 90 55 00 00 00 00 00 00

2023年12月06日 16:35:01 90 25 5A 00 EB 04 2D 00 00 00 00 00 00 00 00 00 00 00 00 00 00 00 00 00 00 00 00 00 00 00 94 90 55 00 00 00 00 00 00

2023年12月06日 16:35:02 90 25 5A 00 EB 04 2D 00 00 00 00 00 00 00 00 00 00 00 00 00 00 00 00 00 00 00 00 00 00 00 94 90 55 00 00 00 00 00 00

2023年12月06日 16:35:03 90 25 5A 00 EB 04 2D 00 00 00 00 00 00 00 00 00 00 00 00 00 00 00 00 00 00 00 00 00 00 00 94 90 55 00 00 00 00 00 00

2023年12月06日 16:35:04 90 25 5A 00 EB 04 2D 00 00 00 00 00 00 00 00 00 00 00 00 00 00 00 00 00 00 00 00 00 00 00 94 90 55 00 00 00 00 00 00

2023年12月06日 16:35:05 90 25 5A 00 EB 04 2D 00 00 00 00 00 00 00 00 00 00 00 00 00 00 00 00 00 00 00 00 00 00 00 94 90 55 00 00 00 00 00 00

2023年12月06日 16:35:06 90 25 5A 00 EB 04 2D 00 00 00 00 00 00 00 00 00 00 00 00 00 00 00 00 00 00 00 00 00 00 00 94 90 55 00 00 00 00 00 00

2023年12月06日 16:35:07 90 25 5A 00 EB 04 2D 00 00 00 00 00 00 00 00 00 00 00 00 00 00 00 00 00 00 00 00 00 00 00 94 90 55 00 00 00 00 00 00

2023年12月06日 16:35:08 90 25 5A 00 EB 04 2D 00 00 00 00 00 00 00 00 00 00 00 00 00 00 00 00 00 00 00 00 00 00 00 94 90 55 00 00 00 00 00 00

2023年12月06日 16:35:09 90 25 5A 00 EB 04 2D 00 00 00 00 00 00 00 00 00 00 00 00 00 00 00 00 00 00 00 00 00 00 00 94 90 55 00 00 00 00 00 00

2023年12月06日 16:35:10 90 25 5A 00 EB 04 2D 00 00 00 00 00 00 00 00 00 00 00 00 00 00 00 00 00 00 00 00 00 00 00 94 90 55 00 00 00 00 00 00

2023年12月06日 16:35:11 90 25 5A 00 EB 04 2D 00 00 00 00 00 00 00 00 00 00 00 00 00 00 00 00 00 00 00 00 00 00 00 94 90 55 00 00 00 00 00 00

2023年12月06日 16:35:12 90 25 5A 00 EB 04 2D 00 00 00 00 00 00 00 00 00 00 00 00 00 00 00 00 00 00 00 00 00 00 00 94 90 55 00 00 00 00 00 00

2023年12月06日 16:35:13 90 25 5A 00 EB 04 2D 00 00 00 00 00 00 00 00 00 00 00 00 00 00 00 00 00 00 00 00 00 00 00 94 90 55 00 00 00 00 00 00

2023年12月06日 16:35:14 90 25 5A 00 EB 04 2D 00 00 00 00 00 00 00 00 00 00 00 00 00 00 00 00 00 00 00 00 00 00 00 94 90 55 00 00 00 00 00 00

2023年12月06日 16:35:15 90 25 5A 00 EB 04 2D 00 00 00 00 00 00 00 00 00 00 00 00 00 00 00 00 00 00 00 00 00 00 00 94 90 55 00 00 00 00 00 00

2023年12月06日 16:35:16 90 25 5A 00 EB 04 2D 00 00 00 00 00 00 00 00 00 00 00 00 00 00 00 00 00 00 00 00 00 00 00 94 90 55 00 00 00 00 00 00

2023年12月06日 16:35:17 90 25 5A 00 EB 04 2D 00 00 00 00 00 00 00 00 00 00 00 00 00 00 00 00 00 00 00 00 00 00 00 94 90 55 00 00 00 00 00 00

2023年12月06日 16:35:18 90 25 5A 00 EB 04 2D 00 00 00 00 00 00 00 00 00 00 00 00 00 00 00 00 00 00 00 00 00 00 00 94 90 55 00 00 00 00 00 00

2023年12月06日 16:35:19 90 25 5A 00 EB 04 2D 00 00 00 00 00 00 00 00 00 00 00 00 00 00 00 00 00 00 00 00 00 00 00 94 90 55 00 00 00 00 00 00

2023年12月06日 16:35:20 90 25 5A 00 EB 04 2D 00 00 00 00 00 00 00 00 00 00 00 00 00 00 00 00 00 00 00 00 00 00 00 94 90 55 00 00 00 00 00 00

2023年12月06日 16:35:21 90 25 5A 00 EB 04 2D 00 00 00 00 00 00 00 00 00 00 00 00 00 00 00 00 00 00 00 00 00 00 00 94 90 55 00 00 00 00 00 00

2023年12月06日 16:35:22 90 25 5A 00 EB 04 2D 00 00 00 00 00 00 00 00 00 00 00 00 00 00 00 00 00 00 00 00 00 00 00 94 90 55 00 00 00 00 00 00

2023年12月06日 16:35:23 90 25 5A 00 EB 04 2D 00 00 00 00 00 00 00 00 00 00 00 00 00 00 00 00 00 00 00 00 00 00 00 94 90 55 00 00 00 00 00 00

2023年12月06日 16:35:24 90 25 5A 00 EB 04 2D 00 00 00 00 00 00 00 00 00 00 00 00 00 00 00 00 00 00 00 00 00 00 00 94 90 55 00 00 00 00 00 00

2023年12月06日 16:35:25 90 25 5A 00 EB 04 2D 00 00 00 00 00 00 00 00 00 00 00 00 00 00 00 00 00 00 00 00 00 00 00 94 90 55 00 00 00 00 00 00

2023年12月06日 16:35:26 90 25 5A 00 EB 04 2D 00 00 00 00 00 00 00 00 00 00 00 00 00 00 00 00 00 00 00 00 00 00 00 94 90 55 00 00 00 00 00 00

2023年12月06日 16:35:27 90 25 5A 00 EB 04 2D 00 00 00 00 00 00 00 00 00 00 00 00 00 00 00 00 00 00 00 00 00 00 00 94 90 55 00 00 00 00 00 00

2023年12月06日 16:35:28 90 25 5A 00 EB 04 2D 00 00 00 00 00 00 00 00 00 00 00 00 00 00 00 00 00 00 00 00 00 00 00 94 90 55 00 00 00 00 00 00

2023年12月06日 16:35:29