

2023年12月14日 20:46:51

2023年12月14日 20:46:52
CMP:   状态轮询   EB 90 04 25 01 5A 5A 00 DE
CMP:   平台信息   EB 90 04 63 2D 00 00 00 00 00 00 00 00 00 00 00 00 00 00 00 00 00 00 00 00 00 00 00 00 00 00 00 00 00 00 00 00 00 00 00 00 00 00 00 00 00 00 00 00 00 00 00 00
CMP:   状态轮询   EB 90 04 25 01 5A 5A 00 DE
CMP:   平台信息   EB 90 04 63 2D 00 00 00 00 00 00 00 00 00 00 00 00 00 00 00 00 00 00 00 00 00 00 00 00 00 00 00 00 00 00 00 00 00 00 00 00 00 00 00 00 00 00 00 00 00 00 00 00
CMP:   状态轮询   EB 90 04 25 01 5A 5A 00 DE
CMP:   平台信息   EB 90 04 63 2D 00 00 00 00 00 00 00 00 00 00 00 00 00 00 00 00 00 00 00 00 00 00 00 00 00 00 00 00 00 00 00 00 00 00 00 00 00 00 00 00 00 00 00 00 00 00 00 00
FPGA:   指令监测   EB 90 04 55 DF D6 00 AA 00 54 00 00 00 00 00

2023年12月14日 20:46:53
FPGA:   指令监测   EB 90 04 55 DF D6 00 AA 00 54 00 00 00 00 00

2023年12月14日 20:46:54
FPGA:   指令监测   EB 90 04 55 DF D6 00 AA 00 54 00 00 00 00 00
FPGA:   指令监测   EB 90 04 55 DF D6 00 AA 00 54 00 00 00 00 00

2023年12月14日 20:46:55
FPGA:   指令监测   EB 90 04 55 DF D6 00 AA 00 54 00 00 00 00 00

2023年12月14日 20:46:56
FPGA:   指令监测   EB 90 04 55 DF D6 00 AA 00 54 00 00 00 00 00

2023年12月14日 20:46:57